p,mx,my,emax,emin,esmax,esmin,ec,xn
0.0,0.0,0.0,25.598037500815675,25.598037500815675,0.000124868475613735,0.000124868475613735,0.0,0.0
-4.632472991943358e-12,0.010650335936309303,-0.010980974183363607,25.599246216797127,25.59817180259139,0.0001248743717892543,0.00012486913074434826,0.000124868475613735,-26955035.859011393
2.3722417546428518e-07,-545.3164627769783,562.2480938242292,53.18271839029906,-1.8369275970571137,0.0002594278945868247,-8.960622424668849e-06,0.0002929764592132614,1235.0194015422762
4.7476796904543755e-07,-1075.7912286975659,1109.6732656247918,80.75813311013154,-29.355288221788015,0.000393942112732349,-0.00014319652791116108,0.00046108444281278775,971.1784974454748
7.285020569103128e-07,-1477.850654586825,1529.8114800078429,107.86416888798952,-61.09805932428921,0.000526166677502388,-0.0002980393137770206,0.0006291924264123141,863.679684146417
1.0043061175210188e-06,-1771.2439480347289,1842.8589406620606,134.3303657428912,-98.5993807333975,0.0006552700767945912,-0.0004809725889434025,0.0007973004100118405,793.8818614187661
1.2984576962220588e-06,-2011.8227476968448,2104.360644183172,160.26464276494852,-140.88798063810486,0.0007817787451948709,-0.000687258442137097,0.0009654083936113669,743.503925018336
1.606375960171941e-06,-2230.9368998169957,2345.3890466496814,185.7998046107552,-186.76861712906765,0.000906340510296367,-0.0009110664250198423,0.0011335163772108932,705.6357946800732
1.924593590822875e-06,-2441.767392086625,2578.8899612335163,211.0363736230761,-235.33658912140334,0.0010294457249906152,-0.0011479833615678212,0.0013016243608104197,676.3112830766
2.250213094180215e-06,-2651.1874896822837,2811.514717391919,236.05835214564556,-285.835875521501,0.0011515041568080273,-0.0013943213440073222,0.001469732344409946,653.1525161822021
2.580258444296705e-06,-2864.462906550299,3048.2713571325794,260.95201927172366,-337.48996449002135,0.0012729366793742618,-0.0016462925097074214,0.0016378403280094722,634.7582474266039
2.9122991871713363e-06,-3082.0717911133106,3289.5049539879055,285.78783721203484,-389.66469613044353,0.0013940870107904142,-0.0019008033957582614,0.0018059483116089987,620.1108456041165
3.245128872471036e-06,-3302.5871884108556,3533.678798936363,310.6007826242581,-442.04528052365794,0.0015151257688988202,-0.0021563184415788195,0.0019740562952085252,608.3136826875415
3.5781492168247233e-06,-3521.938853997818,3776.703981064393,335.40820056777255,-490.0447561213525,0.0016361375637452323,-0.0024120761567573215,0.0021421642788080515,598.6794146916612
3.918556495946634e-06,-3711.3979158487305,3990.4283770265397,360.0014610929485,-490.5883336051189,0.0017561046882582855,-0.0026772359049360523,0.002310272262407578,589.5722735648523
4.264026583990408e-06,-3885.762793774516,4183.728934885354,384.44794381078384,-491.14512109154595,0.0018753558234672386,-0.0029488395568516854,0.002478380246007104,581.2300174938775
4.611342590883829e-06,-4051.0090352854504,4364.938916821828,408.840910797439,-491.70672499377923,0.001994345906328971,-0.0032227926798923077,0.0026464882296066304,573.9083959709429
4.973646527359987e-06,-4172.954532737004,4505.140388342791,432.799357051694,-492.3074357619285,0.0021112163758619223,-0.00351582232289195,0.0028145962132061567,565.9019388939457
5.335098998657725e-06,-4286.492180137712,4634.677177496298,456.782488454815,-492.90592486667987,0.0022282072607551955,-0.003807768227648704,0.002982704196805683,559.0719492845608
5.7025052884847686e-06,-4376.207460131787,4740.384114018863,480.59301045423894,-493.5199488177639,0.0023443561485572634,-0.004107292106226304,0.0031508121804052092,552.5312158443297
6.071706343436467e-06,-4437.926937075021,4818.407483886935,490.1435149973946,-494.1386557131261,0.002460251218241276,-0.004409100347866408,0.0033189201640047364,546.6206658022088
6.43365229267693e-06,-4490.897642360929,4887.173811937941,490.38320324536994,-494.73843241238023,0.0025771723148146153,-0.004701674347502562,0.0034870281476042627,541.9982288401494
6.79251370269189e-06,-4538.505584747594,4945.230921766604,490.6237857437726,-495.3301608577886,0.0026945296311085927,-0.004990322369652975,0.003655136131203789,538.112441312448
7.1635758294979925e-06,-4558.75690366672,4980.476090394697,490.86083108624814,-495.9537237065411,0.0028101615054869,-0.0052944993690444255,0.0038232441148033152,533.7060995515754
7.530188437878154e-06,-4574.392269770347,5012.223390887154,491.099166405431,-496.5656767649277,0.002926422636795606,-0.005593013056062279,0.0039913520984028415,530.0467752341559
7.892478579048283e-06,-4586.670393501391,5040.624846726223,491.3387548674229,-497.16635153803304,0.0030432950572794465,-0.005886025140503927,0.004159460082002368,527.0156947963409
8.250161840889993e-06,-4596.320674398167,5066.114217726062,491.57967892721615,-497.7550059309256,0.0031608189888859333,-0.0061731736248417535,0.004327568065601894,524.54341491258
8.598736659966471e-06,-4600.809367909131,5082.445538964637,491.82324365008407,-498.3198943561468,0.0032796310488214893,-0.00644872895421796,0.00449567604920142,522.8298326813687
8.949981530530811e-06,-4606.528802259185,5080.159138432959,492.06603428823155,-498.8917495438517,0.0033980655064544093,-0.006727682704317899,0.0046637840328009475,521.0942633670826
9.297447019127703e-06,-4609.962877108508,5076.11110074277,492.30992062129235,-499.4537434773366,0.0035170344494109035,-0.0070018260865056595,0.004831892016400474,519.7009465565965
9.640639855369004e-06,-4611.718494087032,5070.827540634833,492.5550456551494,-500.0045891036552,0.003636607636658256,-0.0072705312700756955,0.005,518.6377745679849
