p,mx,my,emax,emin,esmax,esmin,ec,xn
0.0,0.0,0.0,-9.868305959145955e-11,-9.868305959145955e-11,-4.813807784949247e-16,-4.813807784949247e-16,0.0,0.0
-4.632472991943358e-12,1.847966224488573e-19,-0.0158086297515147,0.0008546911683304899,9.496559765177923e-05,4.169225211368244e-09,4.632468178135573e-10,-4.813807784949247e-16,0.00010391442741967972
3.5133131006528406e-07,-1.2689270079135894e-14,1130.2741627778282,28.14253572977329,-29.475799120933285,0.0001372806620964551,-0.00014378438595577213,0.0001724137931029835,490.7441727039521
8.911881321223092e-07,-1.979060471057892e-14,1668.4309705904693,52.420298463814575,-93.7345552042441,0.00025570877299421746,-0.00045724173270362986,0.00034482758620644837,386.930182053999
1.581485897071634e-06,-1.0244548320770263e-14,2162.1774681329553,73.6140218685637,-185.74966525118424,0.0003590927896027498,-0.0009060959280545575,0.0005172413793099132,327.0603805368519
2.274279812403537e-06,-3.213062882423401e-14,2764.4788877055407,94.75657419046999,-278.22531504371005,0.0004622271911730244,-0.0013571966587498053,0.0006896551724133781,303.24112655448795
2.93191053298089e-06,-3.818422555923462e-14,3427.615570662643,116.61997200484457,-364.2133554040213,0.0005688779122187541,-0.0017766505141659577,0.000862068965516843,294.02976517171305
3.567862531771304e-06,-6.705522537231445e-14,4101.275833336818,138.92778361585135,-446.2016715946424,0.0006776965054431774,-0.0021765935199738657,0.0010344827586203078,289.944679596926
4.3421409419283325e-06,-2.2351741790771485e-14,4568.807789962446,158.39990379384258,-490.637112106824,0.0007726824575309396,-0.002701030296011726,0.0012068965517237728,277.9496492317436
5.305847570741011e-06,-9.220093488693238e-14,4800.660121459429,173.98874548939298,-492.0617025611213,0.0008487255877531366,-0.0033959524688396718,0.0013793103448272376,259.9604165851685
6.295120911808974e-06,-4.004687070846558e-14,5021.089223812367,189.05346958371,-493.5334635995296,0.000922212046749805,-0.004113884682697374,0.0015517241379307024,246.49631987525987
7.41707183656385e-06,-1.3131648302078246e-13,5165.443126585935,201.39830321244534,-495.2500147798403,0.0009824307473777823,-0.004951226721873297,0.0017241379310341674,232.45533669159107
8.541034474262925e-06,-4.656612873077393e-15,5311.954864896015,213.7018967258246,-496.97027757053297,0.0010424482767113397,-0.005790379302699,0.0018965517241376322,222.05175846703287
9.85921659398472e-06,-1.2107193470001222e-13,5393.89244902184,222.02399085773814,-499.04887530555754,0.0010830438578426252,-0.00680432941734515,0.002068965517241097,209.8509042293897
1.1209511337799247e-05,-5.587935447692871e-15,5471.95884406583,229.68777619575064,-501.18672083203325,0.0011204281765646374,-0.00784718089367476,0.002241379310344562,199.9533470104514
1.257032270968944e-05,-3.9115548133850095e-14,5548.57847404594,237.135970658212,-503.34396953730857,0.001156760832479083,-0.008899497335272469,0.002413793103448027,192.02316115460027
1.391550771425861e-05,-9.313225746154786e-15,5623.585302148065,244.90450565075426,-505.4723875948766,0.0011946561251256307,-0.009937750046281257,0.0025862068965514916,185.8507033776079
1.5501580720041227e-05,2.0489096641540527e-14,5659.1168651645485,247.7348366184209,-508.0452440146834,0.001208462617650834,-0.011192801958382148,0.0027586206896549567,177.95737992632405
1.7012872260519028e-05,-2.235174179077148e-14,5684.876562924284,252.09818762483633,-510.48012863100286,0.0012297472567065189,-0.012380550551708704,0.0029310344827584217,172.2833415707432
1.8457701438845792e-05,-1.862645149230957e-15,5707.732940347796,257.8240170553479,-512.7923901891536,0.001257678131977307,-0.013508483019099325,0.0031034482758618863,168.13839394597733
1.9893795932137182e-05,-5.5879354476928706e-14,5724.464682493489,263.7289075290848,-515.0885362534141,0.0012864824757516332,-0.014628554269958113,0.0032758620689653513,164.66752147956848
2.1302471013071902e-05,3.7252902984619144e-14,5740.156928117699,270.1958959561333,-517.3340935018766,0.0013180287607616262,-0.015723948049695895,0.0034482758620688163,161.87210675948532
2.263784343845941e-05,-1.0989606380462646e-13,5752.5824456237515,278.16558882189963,-519.4444073508545,0.00135690531132634,-0.016753369439441185,0.003620689655172281,159.9396897065334
2.3925014939195164e-05,-7.450580596923827e-14,5762.530409583978,287.123400643027,-521.4657904938498,0.0014006019543562295,-0.0177394099969999,0.003793103448275746,158.54131994967713
2.519714761256518e-05,-6.984919309616088e-14,5772.765980018528,296.389508425152,-523.4594270003554,0.0014458024801226928,-0.01871191560992945,0.003965517241379211,157.37960908724875
2.6457759917810774e-05,2.4214386940002437e-14,5782.044183332635,305.89178375382755,-525.4318084276714,0.0014921550427015981,-0.01967405289154702,0.0041379310344826755,156.3976333346767
2.7647481906651975e-05,-9.033828973770142e-14,5789.486105047151,316.8473105687933,-527.2733972212213,0.0015455966369209433,-0.020572388888400635,0.004310344827586141,155.9037037130341
2.8824637608667437e-05,1.0710209608078003e-13,5795.849052030038,328.06044626368663,-529.0918012155777,0.0016002948598228617,-0.02145941522711109,0.0044827586206896055,155.5182993642099
2.9997697640226686e-05,-6.984919309616088e-14,5802.924390419351,339.3575432029322,-530.9026486979425,0.0016554026497704014,-0.02234275546241095,0.00465517241379307,155.18432346456214
3.117262133008018e-05,-3.5390257835388186e-14,5810.094130811185,350.6164351471461,-532.71693462986,0.0017103240738885177,-0.023227772990175626,0.0048275862068965355,154.86622558232315
3.234642610733895e-05,-1.8905848264694214e-13,5817.630410440405,361.89826479955144,-534.5291561680403,0.001765357389266105,-0.024111783496605057,0.005,154.57658238372028
