p,mx,my,emax,emin,esmax,esmin,ec,xn
0.0,0.0,0.0,-21.13374042438538,-21.13374042438538,-0.00010309141670431894,-0.00010309141670431894,0.0,0.0
-4.632472991943358e-12,-1.548323780298233e-14,-0.015808634860049003,-21.132885733118364,-21.133645458689045,-0.00010308724747862619,-0.00010309095345701975,-0.00010309141670431894,22254078.304096337
9.262062013104334e-07,-6.05359673500061e-14,541.9951068508761,-4.047390295235977,-155.94520731014703,-1.9743367293834036e-05,-0.0007607083283421807,7.28772528372093e-05,78.68361573707848
1.748777893521662e-06,-1.2014061212539672e-13,1237.7922893908801,15.163467270447127,-271.6361072671054,7.396813302657136e-05,-0.0013250541817907582,0.00024884592237873755,142.29704258075648
2.443645866129356e-06,-9.313225746154775e-16,1958.099874152345,36.99225108800269,-363.7656709572116,0.00018045000530733023,-0.0017744666875961546,0.0004248145919202658,173.84458108619327
3.1028526721322937e-06,-1.2246891856193542e-13,2678.7926615682195,59.55208882095574,-449.31574940874026,0.00029049799424856463,-0.00219178414345727,0.000600783261461794,193.62287705685142
3.997017735066457e-06,-1.1175870895385741e-13,3159.968379624333,77.29528228681866,-490.8821562626408,0.0003770501574966765,-0.002820564030556489,0.0007767519310033222,194.33287077731902
5.0984400674478356e-06,-1.4621764421463015e-13,3431.1643770117344,90.78970172901371,-492.5535446933243,0.000442876593800067,-0.0036358754601582017,0.0009527206005448505,186.8651171615637
6.3856307440662075e-06,-1.3131648302078246e-13,3609.183859424979,100.4758701143504,-494.5676757191251,0.0004901261956797581,-0.004618378399573208,0.0011286892700863788,176.7545470954774
7.782352765818096e-06,-1.0523945093154907e-13,3752.101250332151,107.91664592444995,-496.78389207669716,0.0005264226630460974,-0.005699459549608378,0.001304657939627907,167.64312527161044
9.384701365660858e-06,-7.636845111846924e-14,3841.4158067171643,111.14207688368661,-499.3794894708469,0.0005421564726033494,-0.006965604619925338,0.0014806266091694352,157.77024238481684
1.0995197242593198e-05,-7.171183824539185e-14,3932.1585624180398,114.20048866258693,-501.990118591227,0.0005570755544516436,-0.008239082239622914,0.0016565952787109635,150.6653534411956
1.289790263551025e-05,-1.7508864402770998e-13,3988.788525399371,111.26860536380065,-505.1398742685988,0.0005427736847014666,-0.009775548423706733,0.0018325639482524917,142.0823214471408
1.4919592230847795e-05,-1.1175870895385741e-13,4031.004726924333,105.89754591539425,-508.5091557994364,0.0005165733947092403,-0.011419100389968996,0.00200853261779402,134.62382796502786
1.700808802624396e-05,-1.2479722499847413e-13,4072.945854533763,99.15695936578615,-512.0016947693822,0.00048369248471115205,-0.013122777936284014,0.002184501287335548,128.43896879912668
1.9075445666146893e-05,-4.470348358154297e-14,4114.370231675961,92.84970500378931,-515.455233842443,0.00045292539026238693,-0.014807431142655128,0.0023604699568770763,123.74389559171304
2.108844816469029e-05,-5.587935447692871e-15,4154.793925030042,87.65673103966292,-518.8084876796954,0.0004275938099495753,-0.01644316472180266,0.0025364386264186043,120.27621030292416
2.3140322412547153e-05,-1.5646219253540038e-13,4193.377766470077,81.66688621461059,-522.2334598944312,0.00039837505470541757,-0.018113882875332304,0.0027124072959601327,117.21562247937437
2.5112059737368524e-05,-8.754432201385498e-14,4227.66863859324,77.3198483117858,-525.5105794861665,0.00037716999176480885,-0.019712477798130013,0.002888375965501661,115.01947652679215
2.6955677782154107e-05,-1.2852251529693603e-13,4256.241308619019,75.59925564969456,-528.5513190062358,0.00036877685682777835,-0.021195765368895506,0.003064344635043189,113.6808601070282
2.8760745034218105e-05,-6.705522537231445e-14,4283.737854947751,74.66895423839594,-531.5209323137337,0.0003642388011629071,-0.022644357226211578,0.0032403133045847176,112.66444247982984
3.0481084936224478e-05,-7.450580596923827e-14,4307.898755004795,75.47556350327851,-534.3342236603753,0.0003681734805037976,-0.024016694468475784,0.0034162819741262456,112.07875248778468
3.2090002501154136e-05,-1.5273690223693848e-13,4328.070159128804,78.56633067823385,-536.9419407951104,0.0003832503935523603,-0.02528875160737095,0.003592250643667774,111.94298422191075
3.368251990875052e-05,-7.729977369308472e-14,4347.110190184396,81.99330107852128,-539.5193996395657,0.0003999673223342502,-0.026546048604666164,0.003768219313209302,111.87462587175197
3.526063664050638e-05,-2.458691596984863e-13,4365.684055100673,85.71548533353932,-542.070289237095,0.00041812431870019186,-0.027790384993704915,0.00394418798275083,111.85810463274117
3.682008119693737e-05,-5.681067705154419e-14,4383.871391910492,89.82044918271751,-544.5867286711501,0.00043814853259862207,-0.029017916424951273,0.004120156652292359,111.89971663166963
3.827966572127813e-05,3.4458935260772703e-14,4398.569919104824,95.97254368974522,-546.9189263459987,0.00046815874970607433,-0.030155573827316432,0.004296125321833887,112.22995919334383
3.970528186391769e-05,-4.7497451305389404e-14,4412.071721215873,102.82099002164732,-549.1884523566085,0.0005015658049836455,-0.0312626596861505,0.004472093991375415,112.63221872351058
4.112710776465605e-05,-1.0896474123001098e-13,4425.597139030824,109.74713631252419,-551.4509853709106,0.0005353518844513376,-0.032366334327273504,0.004648062660916943,113.01700784589113
4.254627157626874e-05,-1.0896474123001098e-13,4439.5012906497395,116.72785543047756,-553.7086068307759,0.0005694041728315979,-0.03346761308818339,0.004824031330458472,113.3831744060318
4.3967653590419614e-05,-4.7497451305389404e-14,4453.325546375136,123.6631013963979,-555.9703208743242,0.0006032346409580386,-0.034570888231377654,0.005,113.71996437602668
