p,mx,my,emax,emin,esmax,esmin,ec,xn
0.0,0.0,0.0,81.72306945461263,81.72306945461263,0.0003986491192907934,0.0003986491192907934,0.0,0.0
-4.632472991943358e-12,0.010197420708915685,-0.010528003576182296,81.72427817059409,81.72320375638836,0.0003986550154663127,0.00039864977442140667,0.0003986491192907934,-86055357.46978138
2.238727347253468e-07,-492.7445777603262,508.720590843721,107.75948108034439,55.83644841850551,0.0005256560052699727,0.00027237291911466106,0.0005573163910393867,2489.4339711493576
4.4677766038170133e-07,-982.9797328852123,1014.8626415317495,133.82395082465487,30.202350449606758,0.0006527997601202677,0.00014732853877856957,0.00071598366278798,1602.5502756254295
6.686162277886758e-07,-1470.0870763609023,1517.8006691909072,159.9193357640871,4.8464892368037455,0.000780094320800425,2.3641410911237788e-05,0.0008746509345365734,1308.1509215373355
8.901523885582115e-07,-1947.9619358513753,2011.480862806521,186.0234878886637,-20.43046730970006,0.000907431648237384,-9.966081614487836e-05,0.0010333182062851668,1160.8329310432366
1.1168926776329884e-06,-2370.272287565829,2449.9531409640576,211.97676516223345,-47.065297515265364,0.0010340330007913828,-0.00022958681714763595,0.0011919854780337602,1067.2336759874859
1.3520244113994866e-06,-2728.858565136391,2825.2982262163314,237.68676289053897,-75.8896436282084,0.0011594476238562879,-0.0003701933835522362,0.0013506527497823533,998.9854757017933
1.595296360156534e-06,-3038.6610941259814,3152.4300670684584,263.16076456881905,-106.8379541913807,0.0012837110466771664,-0.0005211607521530767,0.0015093200215309467,946.106353168667
1.8457015910480896e-06,-3313.857774801638,3445.4483332130662,288.42796256815257,-139.64749786507184,0.0014069656710641591,-0.0006812073066588872,0.00166798729327954,903.7145015042038
2.1023361676091134e-06,-3564.6968982225394,3714.567425284683,313.51456325231146,-174.08241737533518,0.001529339332938105,-0.0008491825237821229,0.0018266545650281335,868.8689245666645
2.3641621321920304e-06,-3797.6349219995172,3966.1703319504913,338.45065844383424,-209.87188631932327,0.0016509788216772406,-0.0010237652991186503,0.001985321836776727,839.7570580051351
2.6301746161471017e-06,-4017.055808180154,4204.547945100772,363.2653806696146,-246.75371195499292,0.001772026247168852,-0.0012036766436828925,0.00214398910852532,815.1508631263476
2.8995782654111913e-06,-4226.961429957882,4433.637325671537,387.9817883399636,-284.5203685895451,0.0018925940894632372,-0.0013879042370221716,0.002302656380273913,794.1349291178287
3.171590759949432e-06,-4429.524151952888,4655.518570661297,412.6225619907514,-322.96773140014767,0.002012792985320739,-0.0015754523482934034,0.002461323652022507,776.0533556547978
3.445252607616719e-06,-4625.681705644572,4871.154595686887,437.2155186214723,-361.84544739135254,0.0021327586274218165,-0.0017650997433724517,0.0026199909237711,760.4641000717504
3.7198976827697742e-06,-4814.2848047385005,5079.36048782415,461.7799701324652,-400.97970946011003,0.0022525852201583673,-0.0019559985827322444,0.0027786581955196936,746.9716730086916
3.994071162054769e-06,-4991.99322957746,5276.588826938748,486.3580938575457,-439.9909216020783,0.0023724785066221747,-0.0021462971785467235,0.0029373254672682867,735.4214154154344
4.264258854185876e-06,-5146.774953457909,5450.56560171211,490.21051771044745,-477.9621525849658,0.002492935468510958,-0.0023315226955364188,0.00309599273901688,726.0330211843954
4.534921842739415e-06,-5271.866560299299,5594.863957305235,490.4573166873369,-490.2605739905218,0.0026133252133350667,-0.0025173531661081884,0.0032546600107654735,717.6882256474408
4.804314948776552e-06,-5377.859473198402,5720.076524415415,490.7044838206672,-490.63821304722626,0.002733894546666907,-0.002701567340110374,0.0034133272825140667,710.4711741230228
5.071406940282493e-06,-5471.517505539845,5832.126903943655,490.95231807881004,-491.0098479806172,0.002854789306736606,-0.0028828526734718278,0.0035719945542626603,704.339958580348
5.337192248646518e-06,-5538.221245229776,5909.271009188221,491.2005311624022,-491.37807348496443,0.0029758688597084073,-0.003062474870714363,0.0037306618260112535,698.9933381090644
5.5993724781312965e-06,-5595.494946291504,5976.062475799058,491.44978940804054,-491.7368925308966,0.003097458247824654,-0.003237508551656887,0.0038893290977598466,694.600888394167
5.858516455934347e-06,-5644.692657432182,6034.937764197448,491.6999279048818,-492.0877893160022,0.003219477026771609,-0.0034086777151230412,0.00404799636950844,690.9592897717388
6.118243015491383e-06,-5675.722806597131,6078.462818438604,491.9498975032444,-492.44020618741547,0.003341413416216795,-0.0035805883841051062,0.004206663641257033,687.5607311781774
6.379556642564536e-06,-5690.961624198786,6102.951381857914,492.19940698886387,-492.7967640735172,0.0034631253604214133,-0.0037545190602522958,0.0043653309130056266,684.2686972759277
6.637948181413294e-06,-5701.368815973125,6122.773073483296,492.44976362812685,-493.14569757682773,0.0035852505503057696,-0.003924730525281833,0.00452399818475422,681.5356283469827
6.890518947371674e-06,-5700.974212572395,6134.882816418025,492.7018077896626,-493.4794433796828,0.0037081989217866334,-0.004087533355942811,0.004682665456502814,679.580956422589
7.13737037088651e-06,-5694.375546940555,6137.182954679585,492.9555100673869,-493.7982661368407,0.0038319561304326474,-0.004243056652117425,0.0048413327282514065,678.3076226503964
7.381515454504842e-06,-5684.202094335195,6135.730791388286,493.2099969503414,-494.11002744692746,0.003956096073337265,-0.004395135339964614,0.005,677.3676802300218
