p,mx,my,emax,emin,esmax,esmin,ec,xn
0.0,0.0,0.0,245.90829594907353,245.90829594907353,0.0011995526631662125,0.0011995526631662125,0.0,0.0
-4.632472991943358e-12,1.0896474123001098e-13,-0.012710752584023401,245.90915064034053,245.90839091476988,0.0011995568323919052,0.0011995531264135117,0.0011995526631662125,-258944340.36689135
2.6063688047435226e-07,4.377216100692748e-14,714.9015806435533,267.4304710735192,224.68602267572544,0.0013045388832854596,0.0010960293789059779,0.0013306025713328948,5105.1968121749815
5.18339034523593e-07,1.173466444015503e-13,1420.3003529355747,289.01280808967965,204.00520642781038,0.001409818576047218,0.0009951473484283435,0.0014616524794995771,2819.877304519399
7.731994473085621e-07,5.681067705154418e-14,2115.051718896246,310.65340080175764,183.84869144315346,0.0015153824429354032,0.0008968228850885536,0.0015927023876662594,2059.885574427547
1.0252762621768794e-06,1.0337680578231812e-13,2797.9352873370913,332.351057271127,164.2057502741188,0.0016212246696152538,0.0008010036598737504,0.0017237522958329417,1681.2564178293267
1.2745128219142455e-06,1.0710209608078003e-13,3467.3548251591606,354.10693897068086,145.08683617674464,0.0017273509218081995,0.0007077406642768032,0.001854802203999624,1455.3028985725048
1.5208905814586647e-06,3.166496753692628e-14,4121.744381432103,375.92142607419015,126.49537071496914,0.00183376305402044,0.0006170505888535081,0.0019858521121663064,1305.7166218109548
1.7644099021222532e-06,7.450580596923829e-14,4759.45916245978,397.7945111747565,108.43128722670704,0.0019404610301207638,0.0005289331084229612,0.002116902020332989,1199.779041019184
2.0047968604708384e-06,5.774199962615967e-14,5377.705694999837,419.73180970278037,90.94512458556288,0.0020474722424525874,0.00044363475407591655,0.002247951928499671,1121.2866364783345
2.2421154428435466e-06,1.173466444015503e-13,5974.352417507075,441.7320099383097,74.02507731196815,0.002154790292381999,0.0003610979381071617,0.0023790018366663538,1061.0523397712304
2.4758415079249295e-06,3.9115548133850095e-14,6544.390562628606,463.8058567783112,57.76784947862283,0.0022624675940405427,0.0002817943877005992,0.0025100517448330356,1013.8176199076566
2.7052578211602823e-06,5.587935447692871e-14,7077.981208081546,485.9680535311564,42.30577086087016,0.00237057587088369,0.00020636961395546424,0.0026411016529997184,976.2846381373561
2.9146911259739012e-06,1.1734664440155032e-13,7408.730637537792,490.1853990195665,30.53055729692739,0.0024806824485690106,0.00014892954778988974,0.0027721515611664007,951.0961681197444
3.1137947160352675e-06,1.2852251529693603e-13,7598.815294754983,490.4132350953456,20.661176104775144,0.0025918219977295563,0.00010078622490134219,0.002903201469333083,932.3676523639526
3.306494584004099e-06,2.1047890186309814e-13,7689.352953739405,490.64238393415366,11.973281638695587,0.0027036019190993556,5.840625189607604e-05,0.0030342513774997654,917.6641002766584
3.492859497139944e-06,1.6670674085617067e-13,7704.282631044287,490.8728314387025,4.454186339302146,0.002816015335952453,2.1727738240498277e-05,0.0031653012856664477,906.2206161622847
3.6725661374329597e-06,7.729977369308472e-14,7657.135788061084,491.10464388918416,-1.8364576205894485,0.002929094580089834,-8.958329856533897e-06,0.00329635119383313,897.5607437629985
3.845193440142501e-06,2.980232238769532e-14,7563.469294247039,491.3379076038704,-6.820963796329963,0.0030428817579855622,-3.3272994128438847e-05,0.0034274011019998123,891.3468607896081
4.012518193466339e-06,1.3690441846847536e-13,7428.488601641366,491.5722583411807,-10.82714961040803,0.0031571991908198606,-5.281536395320991e-05,0.0035584510101664946,886.8373521547614
4.173646905560154e-06,5.5879354476928706e-14,7262.138025740578,491.8078792669432,-13.690165817547166,0.0032721362277771614,-6.67812966709618e-05,0.003689500918333177,883.9992940988861
4.32862523209379e-06,1.8347054719924926e-13,7067.350361259473,492.0447610217455,-15.418435888833086,0.00338768830329048,-7.521188238455165e-05,0.0038205508264998593,882.6245335754855
4.4786097102695094e-06,8.009374141693116e-14,6850.807870024099,492.2826665154612,-16.22534093808346,0.0035037397636395904,-7.914800457601689e-05,0.003951600734666542,882.3275503568598
4.62119251951103e-06,2.8870999813079835e-14,6604.940615875859,492.52208935130835,-15.666638068973961,0.0036205313908821216,-7.642262472670226e-05,0.004082650642833224,883.462574994649
4.757079625976771e-06,5.1222741603851326e-14,6333.766692938461,492.7628848062246,-13.872578037733456,0.003737992588402229,-6.76711123791876e-05,0.004213700550999906,885.7746521606115
4.88830479303891e-06,1.294538378715515e-13,6047.667079190669,493.00463595871855,-11.218390186528222,0.003855919979862698,-5.4723854568430354e-05,0.004344750459166589,888.8051467972376
5.014751064888908e-06,1.1641532182693482e-13,5748.058900198226,493.24736678473096,-7.682496168682802,0.003974325260844381,-3.747559106674538e-05,0.004475800367333272,892.5269289378823
5.136928760051613e-06,2.076849341392517e-13,5437.987310802383,493.49097266896433,-3.3590497520322167,0.004093157399494792,-1.638560854649862e-05,0.004606850275499954,896.8102324731609
5.255279912697902e-06,1.4621764421463012e-13,5117.784081363726,493.73536299441355,1.670393758897376,0.004212372192396846,8.148262238523787e-06,0.0047379001836666355,901.5504906254062
5.3707692246990305e-06,1.2805685400962828e-13,4788.848067379829,493.980339997195,7.227846868859059,0.004331873169363416,3.5257789604190536e-05,0.004868950091833318,906.5647560208038
5.482385381538408e-06,1.257285475730896e-13,4453.5360518071175,494.22611099678466,13.499897106164056,0.0044517614618461605,6.585315661543443e-05,0.005000000000000001,912.0117707954626
