p,mx,my,emax,emin,esmax,esmin,ec,xn
0.0,0.0,0.0,1.1822233963327695e-15,1.1822233963327695e-15,5.766943396745218e-21,5.766943396745218e-21,0.0,0.0
-1.6212016344070268e-13,-0.307948795245297,7.858602657506708e-18,0.000269200531394469,3.3234633517166286e-06,1.3131733238754587e-09,1.6212016349837214e-11,5.766943396745218e-21,-3.557203048869701e-08
4.401198867774294e-08,76269.94542907075,4.647299647331239e-13,34.442581818313165,-37.737079613185244,0.000168012594235674,-0.0001840833151862695,0.0001724137931034483,3917.427916422207
1.1353262247150978e-07,117802.87309501274,-9.220093488693237e-13,68.36223641174783,-117.83126444152819,0.0003334743239597456,-0.0005747866558123327,0.0003448275862068966,3037.2555367813216
1.9330260642003792e-07,163487.3629312963,-1.7043203115463257e-13,102.0717793270099,-214.94449520185222,0.0004979111186683411,-0.0010485097326919622,0.0005172413793103448,2675.811717646489
2.7086211205180106e-07,213266.0342702328,-5.904585123062134e-13,135.82663704776564,-308.387226717188,0.000662568961208613,-0.0015043279352057954,0.0006896551724137932,2546.148544695317
3.4439573510895906e-07,264526.4090014914,-1.0989606380462647e-12,169.66402536130082,-395.144980217392,0.0008276293920063455,-0.0019275364888653272,0.0008620689655172415,2503.134846441993
4.1555512536262184e-07,315052.58800937695,1.4677643775939943e-12,203.55008544730762,-477.9603201473921,0.0009929272460844276,-0.0023315137568165473,0.0010344827586206897,2489.399589808883
4.978297343248905e-07,354234.5441870028,1.5534460544586182e-12,237.208283549788,-490.8923248074303,0.001157113578291649,-0.002825524296307475,0.001206896551724138,2424.31592271365
6.059379370243718e-07,374919.94103360816,-1.4528632164001467e-13,270.33689298065553,-492.33401323739315,0.0013187165511251491,-0.0035287869450698244,0.0013793103448275863,2276.3228056013077
7.254740436294631e-07,390295.7868540173,-1.4603137969970703e-12,303.23123038145803,-493.9654620117086,0.0014791767335680882,-0.0043246156154676165,0.0015517241379310346,2138.9106220367826
8.558748444818888e-07,402124.2928622867,8.903443813323975e-13,335.90284155019026,-495.7773190340011,0.001638550446586294,-0.005208448309268817,0.001724137931034483,2014.4743617020367
9.960790260948686e-07,411534.465963622,-1.6093254089355466e-12,368.3734834133311,-497.7519611938225,0.0017969438215284445,-0.006171688387230504,0.0018965517241379313,1904.0173263896231
1.145206118540042e-06,419226.27836571005,2.689659595489502e-12,400.6612056044119,-499.87476828801255,0.0019544449053873754,-0.007207204042932961,0.0020689655172413794,1806.6315606827054
1.3018503937712103e-06,425677.301484633,1.8067657947540282e-12,432.79482554837983,-502.122398202364,0.002111194270967707,-0.008303608879201976,0.002241379310344828,1721.6873160455734
1.4643252815573284e-06,431119.25926130044,-2.5294721126556397e-12,464.8089179349713,-504.4668454381905,0.002267360575292543,-0.009447241677166086,0.002413793103448276,1648.3995283351092
1.627922487554627e-06,435591.01654415124,1.3373792171478271e-12,490.06800002798235,-506.82992876791354,0.002423414647796262,-0.010599965252640755,0.0025862068965517245,1588.6548139258018
1.7867369153251975e-06,439016.33219979814,1.6018748283386226e-13,490.3888913461514,-509.1135940651818,0.0025799469981226527,-0.011713948324478926,0.0027586206896551726,1543.94341214643
1.9387093245699584e-06,441657.271308229,9.611248970031738e-13,490.7111852781183,-511.283647644829,0.002737163550301625,-0.012772511046258043,0.0029310344827586207,1511.8483444694725
2.086851258581779e-06,443834.8872346276,5.997717380523682e-13,491.03426445750796,-513.3900961832331,0.0028947631500038915,-0.013800046918650341,0.0031034482758620693,1487.1439749717324
2.229733172212908e-06,445629.04905336804,5.085021257400513e-12,491.3584219410757,-515.409202083216,0.0030528887517442265,-0.014784976625959036,0.0032758620689655174,1469.1722353999758
2.368688236901839e-06,447146.30943023,4.2840838432312003e-13,491.6833844286765,-517.3631026565137,0.003211407038378782,-0.01573809885683593,0.003448275862068966,1455.7744697458327
2.5059371723476746e-06,448524.01115516806,1.1548399925231932e-13,492.00869667277215,-519.2886729537297,0.0033700959379376464,-0.016677401440843752,0.003620689655172414,1444.8445456357508
2.636551069019081e-06,449667.0567362106,-2.4549663066864017e-12,492.3353690998166,-521.1040684320963,0.0035294483413739544,-0.017562960210778692,0.0037931034482758625,1438.6610951128182
2.7646555997695916e-06,450674.19777244364,1.914799213409424e-12,492.6625559468748,-522.8777958893464,0.0036890516814023517,-0.018428193116754383,0.003965517241379311,1434.3621106765702
2.8901236303369968e-06,451609.12359249225,-4.2840838432312003e-13,492.99028327647056,-524.6077442610562,0.003848918671449059,-0.019272070371246917,0.004137931034482759,1431.7487982340272
3.0131795182970543e-06,452446.77709593216,1.9595026969909668e-12,493.31850509530085,-526.2976390047709,0.004009026875756502,-0.020096409270619932,0.004310344827586207,1430.4971879080958
3.1301807969112807e-06,453119.6268494619,2.6300549507141114e-12,493.647968109047,-527.886996960298,0.004169740540998528,-0.020871705834291716,0.004482758620689656,1432.1085303165355
3.2431971299059185e-06,453706.3528477516,3.971159458160401e-12,493.97824803664514,-529.4101848938119,0.004330852700802512,-0.021614724338444836,0.004655172413793104,1435.3652360096116
3.3531111951147317e-06,454233.55398091127,2.5890767574310306e-12,494.3091639291394,-530.8818596707422,0.004492275087385079,-0.022332614473532776,0.004827586206896552,1439.733407567884
3.462752585112039e-06,454729.56886352494,2.2351741790771486e-12,494.64013572005206,-532.3490066757854,0.004653724741488796,-0.023048295939407517,0.005,1443.9379878011766
