p,mx,my,emax,emin,esmax,esmin,ec,xn
0.0,0.0,0.0,3.6447457112401356,3.6447457112401356,1.7779247371903103e-05,1.7779247371903103e-05,0.0,0.0
-1.6212016344070268e-13,241.839330465444,535.4098767219551,3.6449619152395765,3.64475041132708,1.7780302025558913e-05,1.777927029915649e-05,1.7779247371903103e-05,-109667095.03969917
3.279662969610232e-08,42520.19192531069,34121.20772866334,23.537911003058092,-19.2489660282804,0.00011481907806369803,-9.38973952599044e-05,0.00011945722191533365,3642.362737337319
6.692284615805625e-08,81071.4522484248,64498.78069773298,43.39252974232535,-43.915819185132776,0.00021167087679183102,-0.00021422350822015992,0.00022113519645876418,3304.3304215797116
1.1066531914504794e-07,103660.53673298741,81453.8269321384,62.968359953454794,-81.40694463632519,0.00030716273148026735,-0.0003971070470064644,0.00032281317100219475,2917.0220037868116
1.6587979634636728e-07,117616.40687054029,91051.15408119175,82.21160095366041,-134.19717379001338,0.0004010321997739533,-0.0006546203599512849,0.0004244911455456253,2559.0286152706717
2.2836180688356844e-07,131471.1906013729,100329.66866493368,101.24414614758967,-196.67941003241387,0.0004938738836467789,-0.0009594117562556775,0.0005261691200890558,2304.1029814470076
2.932967273973173e-07,147899.18729147385,111603.98365524434,120.2055781011186,-262.4328553332299,0.0005863686736639933,-0.0012801602699181948,0.0006278470946324864,2140.654961287608
3.5876779116015043e-07,166174.30024684052,124382.50662818781,139.1514665230358,-328.90130308818453,0.0006787876415757845,-0.0016043966004301686,0.0007295250691759169,2033.4185151260249
4.233840602344649e-07,186141.2217203906,138563.6828020675,158.12213662090474,-394.2297937493598,0.0007713274957117306,-0.0019230721646310237,0.0008312030437193475,1963.236507437331
4.880170897495823e-07,206442.8861677581,153048.7467982981,177.09232081049845,-459.58063619119633,0.0008638649795634072,-0.002241856761908275,0.000932881018262778,1911.5744875686014
5.540823496343725e-07,225913.3681688626,166871.80340453447,196.02098266802082,-490.36841505908313,0.0009561999154537602,-0.0025699585654064025,0.0010345589928062084,1867.1574604188215
6.294223977204461e-07,239184.97077999648,175326.50755020132,214.6807556346642,-491.16471264605866,0.0010472231982178743,-0.002958396412711537,0.001136236967349639,1805.2058068869221
7.188779399232892e-07,244727.6418559325,177366.74956143944,232.9313009753071,-492.14925494099435,0.0011362502486600347,-0.0034386609468265257,0.0012379149418930695,1722.0099173236088
8.137042802530289e-07,248754.6001306551,178262.01555531006,251.02613947713755,-493.2054223817838,0.0012245177535470126,-0.003953864576479908,0.0013395929164365,1646.2896275044063
9.117390302862381e-07,252423.73215814482,178933.81737426118,269.027961760384,-494.30437728312194,0.0013123315207823612,-0.004489940138108252,0.0014412708909799306,1580.7932348003653
1.0126378202324735e-06,255820.71595428453,179429.59076125023,286.9467515798228,-495.4415271178116,0.0013997402516088917,-0.005044647374542223,0.0015429488655233612,1523.6927109528094
1.1161183094391383e-06,258980.17761984133,179827.25276226737,304.79069438004615,-496.6131065813403,0.0014867838750246155,-0.005616149551873305,0.0016446268400667917,1473.5237529552173
1.2218583118112252e-06,261964.40339037398,180131.16523737222,322.56913077993,-497.8148189890251,0.001573507955024049,-0.0062023507263537295,0.0017463048146102221,1429.2203913738426
1.3296823261200443e-06,264806.3702476533,180369.25494576382,340.2871488019399,-499.04432385053207,0.0016599373112289753,-0.0068021091953814955,0.0018479827891536528,1389.7926992426733
1.4395945073652555e-06,267494.46112660994,180574.94968173915,357.9446279869099,-500.30167657707733,0.0017460713560337072,-0.007415451988818206,0.0019496607636970834,1354.3124495975958
1.5514039667597838e-06,270079.94251566275,180725.24071884126,375.5471024638276,-501.5843314693267,0.0018319370851894033,-0.008041137302110566,0.002051338738240514,1322.2466760381433
1.6648944905397686e-06,272576.39620959386,180835.87319637358,393.100840567656,-502.88940509319707,0.0019175650759397857,-0.008677758582047349,0.0021530167127839445,1293.1850787048515
1.7799559801269214e-06,274963.309339176,180954.02757381287,410.60903420789873,-504.2154291703169,0.002002970898575116,-0.009324599595276527,0.0022546946873273754,1266.7137347782063
1.8964129212098962e-06,277271.59773067024,181053.41138164693,428.07677178630547,-505.5600630358813,0.002088179374567344,-0.009980518554088423,0.002356372661870806,1242.5419778132807
2.014057814682649e-06,279518.56687906827,181139.66850690905,445.5100689879,-506.9205394747792,0.002173219848721464,-0.010644165597453275,0.0024580506364142362,1220.4469099619896
2.132833026718417e-06,281683.4650028435,181232.73320727702,462.91059669674144,-508.29608988034363,0.002258100471691422,-0.011315165795289569,0.0025597286109576667,1200.154245030645
2.2525427882332325e-06,283767.3242652601,181352.09825090773,480.2840305283493,-509.68410346943546,0.0023428489294065823,-0.011992245594846565,0.002661406585501097,1181.5121112920365
2.3728764366066995e-06,285745.69423370366,181497.64102972782,490.0763937702019,-511.0804372348198,0.002427509156196054,-0.012673384016985256,0.002763084560044528,1164.4451929388454
2.493608722744e-06,287602.22725269373,181685.33095548203,490.2498316645393,-512.4820872469337,0.002512113007092316,-0.013357115730211552,0.0028647625345879584,1148.842041038233
2.614745423012808e-06,289289.5765554213,181983.32384837128,490.42315231364694,-513.8891305396122,0.0025966596651936192,-0.014043478312005976,0.002966440509131389,1134.50452308789
2.7358414198856413e-06,290822.7996373712,182347.87562572848,490.59648476322997,-515.2956310104225,0.0026812120796243853,-0.01472957610264514,0.0030681184836748197,1121.453334748864
2.856747987129238e-06,292143.8617165065,182844.7198283496,490.769872131073,-516.6996052412769,0.0027657912834502286,-0.015414441581110706,0.00316979645821825,1109.5821096223458
2.977509647886814e-06,293443.68906921684,183287.73386927,490.94330150930307,-518.1016469943224,0.0028503909801478526,-0.016098364387474366,0.0032714744327616806,1098.7284071719123
3.0978900772540852e-06,294610.907735487,183798.49351953133,491.11684141176676,-519.4986046326256,0.002935044591105734,-0.016779807137866195,0.003373152407305111,1088.8547763757367
3.217632846725589e-06,295638.52970743045,184357.9588866156,491.29056618062134,-520.8870584169466,0.003019788380790893,-0.017457101666803258,0.0034748303818485414,1079.933773483413
3.336777241996512e-06,296508.5211687238,185010.17623399623,491.4644644264024,-522.2675322626479,0.003104616793367036,-0.018130503542755076,0.0035765083563919723,1071.8451059238287
3.455226300020419e-06,297347.2124754865,185636.3738027779,491.6385642600334,-523.6387330672558,0.0031895435414796935,-0.018799381984027187,0.0036781863309354027,1064.5283438927477
3.5730976028839866e-06,298180.23312310287,186197.40015037917,491.8128315928469,-525.0022289094633,0.003274551996510699,-0.01946450190705528,0.003779864305478833,1057.867633514393
3.6900516618407568e-06,298891.7538374425,186821.7261400162,491.987364847309,-526.3534923558416,0.0033596901694190055,-0.020123654807727584,0.003881542280022264,1051.8937499335668
3.8062512845865608e-06,299475.5536895335,187525.50097906007,492.1621168232249,-527.69469461534,0.00344493503571946,-0.02077789981236102,0.003983220254565694,1046.4942949762067
3.9215669500332075e-06,299979.80007072433,188250.95248985506,492.33712507054304,-529.0241083903369,0.0035303049124600183,-0.02142639433674973,0.004084898229109125,1041.6494939795773
4.036450967557693e-06,300526.36626454745,188893.76701381482,492.512258458542,-530.3477656940139,0.0036157358334351457,-0.02207208082634826,0.004186576203652556,1037.1923844242056
4.150260890129327e-06,300956.01753150584,189609.4581894314,492.68770324146925,-531.6570988309952,0.0037013186543752323,-0.02271077991755864,0.004288254178195986,1033.2493044942914
4.2630580012460126e-06,301354.33403117507,190314.3111194881,492.86344165239404,-532.9529250800858,0.003787044708484891,-0.02334289028296873,0.004389932152739417,1029.7613007977657
4.375107249489112e-06,301752.6699402024,190978.94099429416,493.03939687907166,-534.238777804547,0.0038728765263764116,-0.02397013551441316,0.0044916101272828475,1026.6285764325755
4.486562521919911e-06,302111.291888791,191652.42656344647,493.2155243075224,-535.5167092474435,0.003958792345132879,-0.024593516706070007,0.0045932881018262775,1023.787828517922
4.597196848806732e-06,302463.5112625487,192307.10711100485,493.39188973939923,-536.783692532741,0.004044824263121574,-0.025211557333044435,0.004694966076369708,1021.2671396893421
4.7069241460247265e-06,302749.2778805554,192984.46167193656,493.56851813167617,-538.0385796396331,0.0041309844544761805,-0.025823697385186868,0.004796644050913138,1019.0612599874136
4.816099683904839e-06,303020.5468707095,193651.11673326336,493.74530648658856,-539.2861084652942,0.004217222676384668,-0.026432248031850826,0.004898322025456569,1017.0723919661616
4.924176070807301e-06,303231.5049667788,194337.9763777636,493.92241350051603,-540.5189789762636,0.004303616341715125,-0.02703364828110422,0.005,1015.39829772583
