p,mx,my,emax,emin,esmax,esmin,ec,xn
0.0,0.0,0.0,1.260660079386575e-15,1.260660079386575e-15,6.1495613628613424e-21,6.1495613628613424e-21,0.0,0.0
-4.632472991943358e-12,-0.000183034779815437,0.008768954987233993,0.0008072084188473908,9.496569633609951e-05,3.9376020431580045e-09,4.6324729920048547e-10,6.1495613628613424e-21,-1.3274899548376113e-09
1.9407041164735917e-07,12.168710917019055,-395.0959303068464,16.939923908167913,-12.898401882613562,8.26337751617947e-05,-6.29190335737247e-05,0.00010204081632653062,525.7927546005653
3.914346210439448e-07,23.52420095879363,-772.4577461127242,33.81232496247668,-26.370748023029837,0.00016493817054866674,-0.0001286377952342919,0.00020408163265306123,521.3683759213261
6.761898933547714e-07,21.308799414262143,-978.8020624766567,48.8932092270435,-55.07098687625261,0.00023850345964411467,-0.000268638960371964,0.0003061224489795918,452.71668800139975
1.0520729804685078e-06,13.965805957942898,-1100.0118875613707,62.105973288150686,-99.65024745888238,0.0003029559672592717,-0.00048609876809210925,0.00040816326530612246,387.9609807338268
1.4375067521912595e-06,9.809885611138558,-1255.5280601563775,75.12294831477305,-145.8937148346331,0.00036645340641352716,-0.0007116766577299177,0.0005102040816326531,354.92291139149427
1.8087322723648437e-06,7.785002933906339,-1440.5929362020975,88.43119249815332,-189.66139437794135,0.0004313716707226992,-0.0009251775335509336,0.0006122448979591836,338.4939315306728
2.1745128104623104e-06,6.314067325702959,-1633.2816360124716,101.85105881409403,-232.48028579448618,0.0004968344332394832,-0.0011340501746072498,0.0007142857142857143,328.4808030787614
2.527872459937071e-06,5.564268271690347,-1835.719684302362,115.52555334680022,-273.1348373685245,0.0005635392846185378,-0.0013323650603342659,0.0008163265306122449,322.9302678635008
2.869210826327308e-06,5.538784503758544,-2045.7786695948582,129.44648418273914,-311.6946803650845,0.0006314462643060447,-0.0015204618554394366,0.0009183673469387756,320.0766351890281
3.199535994029933e-06,6.016830028610233,-2257.122186558582,143.5931855917741,-348.335473490328,0.0007004545638623128,-0.0016991974316601368,0.0010204081632653062,318.9237955657641
3.5238997308990204e-06,6.631021157600806,-2466.601943853275,157.86209633289658,-383.9374872928278,0.0007700590065019346,-0.001872865791672331,0.0011224489795918367,318.52466452144955
3.844801590638078e-06,7.227999072671885,-2673.3374528996405,172.20197555518465,-418.9362690054198,0.0008400096368545594,-0.0020435915561239993,0.0012244897959183673,318.4793199472103
4.161980983456933e-06,7.830763154542375,-2877.046861782741,186.61816534933692,-453.2864108571665,0.0009103325138992047,-0.0022111532236934956,0.001326530612244898,318.725774461152
4.47607368633539e-06,8.404360713179003,-3077.1003309441894,201.09763228726732,-487.09869698679887,0.0009809640599378895,-0.0023760912048136533,0.0014285714285714286,319.1572634142704
4.794114783066866e-06,8.71105318044713,-3266.07970497434,215.49615715121087,-490.3159899074532,0.0010512007665912726,-0.0025443853207088776,0.0015306122448979593,319.26900254958105
5.1463101999933515e-06,9.027220405576468,-3423.254913317004,229.19451845115665,-490.7205067479782,0.0011180220412251546,-0.0027417106087698592,0.0016326530612244899,317.2473088051706
5.543413219354077e-06,9.345812910610547,-3540.461156356243,241.97227390120054,-491.2032750857449,0.0011803525556156125,-0.0029772073588999453,0.0017346938775510204,312.92884165563765
5.9539986220403615e-06,9.347445248745764,-3647.3805443126785,254.47364049307052,-491.7095364764564,0.001241334831673515,-0.0032241641348567567,0.0018367346938775511,308.48759136059806
6.359835562459372e-06,9.363704569403115,-3752.5854227348873,267.07235056141957,-492.2075236716671,0.0013027919539581444,-0.0034670847178863854,0.0019387755102040817,304.846798500298
6.8644466669354526e-06,9.376688532224591,-3806.5279581150708,277.6461902665987,-492.87762484774726,0.001354371659837067,-0.003793963340364523,0.0020408163265306124,297.30237928146215
7.460792385687868e-06,9.38514178096802,-3823.6973751806518,286.339470379113,-493.70757358920395,0.001396777904288356,-0.004198816384977546,0.002142857142857143,287.21575833792303
8.05060042863565e-06,9.406986587778817,-3841.116713187299,295.1667728456222,-494.5261304305711,0.0014398379163201084,-0.00459811240515663,0.0022448979591836735,278.8485131119742
8.648593171217828e-06,9.41770737301691,-3856.6184444539153,303.82628896962626,-495.3589491110512,0.001482079458388421,-0.005004365420024951,0.002346938775510204,271.3665366201664
9.229545051678771e-06,9.430884554289356,-3871.1430139889244,312.8351427671157,-496.16207408928494,0.0015260250866688573,-0.005396133702090222,0.0024489795918367346,265.3413118549421
9.823874838004011e-06,9.44779753598909,-3883.3730341694545,321.5697494943871,-496.9885100684873,0.0015686329243628642,-0.0057992732041401455,0.0025510204081632655,259.67558119679535
1.0399349721878811e-05,9.47220467045015,-3894.867263602785,330.69088172189254,-497.78209138016973,0.001613126252301915,-0.0061863860391071935,0.002653061224489796,255.11799251333164
1.0965575984051826e-05,9.480851939360644,-3905.534635861564,340.0016106942844,-498.5595569685368,0.0016585444424111438,-0.006565637545627726,0.0027551020408163266,251.25009801795244
1.1540104435408043e-05,9.488359681500349,-3914.5449488040463,349.14214478842075,-499.35148912155563,0.0017031324136020528,-0.006951945912953981,0.002857142857142857,247.58379554836606
1.2108028441830617e-05,9.508918937163081,-3923.2504781223092,358.41807000369676,-500.1319130292776,0.001748380829286326,-0.007332640502086638,0.0029591836734693877,244.39847392875694
1.2671059361849374e-05,9.5204013095446,-3931.403531303902,367.794303490251,-500.9038107339409,0.001794118553610981,-0.007709175967776051,0.0030612244897959186,241.59183556607732
1.3224304506027578e-05,9.537936330515276,-3939.2861490676646,377.3711453815366,-501.65865672420205,0.001840834855519691,-0.008077393524000994,0.003163265306122449,239.20088233605384
1.3771279253148963e-05,9.53687878522016,-3946.162090540458,387.076530412487,-502.40257654759165,0.0018881781971340833,-0.008440281242727641,0.0032653061224489797,237.10986193982882
1.4310805143412889e-05,9.564412526804759,-3953.742476087964,396.93461700901526,-503.13351673790714,0.0019362664244342211,-0.008796837433125447,0.0033673469387755102,235.30101241895983
1.4862229506672218e-05,9.578134538353595,-3960.3692196286584,406.54878490913785,-503.88519001741713,0.001983164804434819,-0.009163507325569345,0.0034693877551020408,233.4365616911313
1.541450311109588e-05,9.577218640276211,-3966.1818520867823,416.1455433653915,-504.638343099656,0.0020299782603189834,-0.009530899073002929,0.0035714285714285718,231.6927471283675
1.5956929906188812e-05,9.597282184449654,-3972.315416316329,425.94416141292515,-505.37433811663607,0.0020777763971362205,-0.00988992103250539,0.0036734693877551023,230.21153877039757
1.64987694371127e-05,9.605084896787016,-3977.960700786117,435.75481837592423,-506.1093098258015,0.0021256332603703625,-0.010248443817464165,0.003775510204081633,228.8358667276673
1.7035805334803004e-05,9.62981939474366,-3984.0721458424086,445.66394982021177,-506.8359112040575,0.0021739704869278625,-0.010602883514174393,0.0038775510204081634,227.61184130735444
1.757174915329069e-05,9.640967536585293,-3989.7583967784717,455.595468888153,-507.5606096343029,0.0022224169214056246,-0.010956394943562396,0.003979591836734694,226.476704283559
1.810548187392902e-05,9.647931529271016,-3995.2985155791494,465.57231546200603,-508.2814552265458,0.0022710844656683225,-0.011308026939778445,0.004081632653061225,225.43628948857582
1.8633732705934194e-05,9.652417228540425,-4000.4410099858187,475.6615407528386,-508.99274862784546,0.002320300198794335,-0.011654999330656312,0.004183673469387755,224.52149203875834
1.915784606637191e-05,9.66808854650371,-4005.842056162286,485.83558421080437,-509.69683248493874,0.0023699296790770947,-0.01199845487070184,0.004285714285714286,223.7054348837823
1.9614978237296755e-05,9.680798939091627,-4006.807050458692,490.07382742053784,-510.2842016193059,0.002426257278311141,-0.012284976399661428,0.004387755102040817,223.69411013149903
2.0024609491926493e-05,9.690128242121304,-4004.607205050499,490.19903668680814,-510.7888004070289,0.0024873349691746974,-0.012531122149770172,0.004489795918367347,224.2139064023965
2.0431412283616306e-05,9.701086850785309,-4002.3729410573815,490.3248257879811,-511.28847059807896,0.002548695506332247,-0.012774863706379987,0.004591836734693878,224.74397124157758
2.083594304959476e-05,9.710580415758887,-4000.014549616131,490.4510806544249,-511.784181784327,0.0026102832460609317,-0.01301667404113514,0.004693877551020408,225.2779027014906
2.123845701994057e-05,9.707837194983437,-3997.1140239721435,490.5777489639734,-512.2763787041852,0.0026720726653528815,-0.013256770099602548,0.004795918367346939,225.8129374861884
2.1628163865614817e-05,9.727264184690021,-3994.469423762939,490.70704273407955,-512.7462592093032,0.002735142797111987,-0.013485980102099126,0.004897959183673469,226.46208962104313
2.201675645565179e-05,9.740612604078429,-3991.5951442313403,490.8365649265914,-513.2141981239732,0.0027983243544348205,-0.013714242987304025,0.005,227.09975513747756
