p,mx,my,emax,emin,esmax,esmin,ec,xn
0.0,0.0,0.0,3.103827900318144e-14,3.103827900318144e-14,1.5140623903990947e-19,1.5140623903990947e-19,0.0,0.0
-4.632472991943358e-12,-2.4447111002245947e-19,0.018854674440733632,0.0017473688125920726,9.496569636587714e-05,8.523750305327184e-09,4.6324729934574216e-10,1.5140623903990947e-19,-3.2683674422544965e-08
1.0699994454271066e-07,6.730260793119669e-16,-425.0203602014798,18.724868483813236,-19.442011734571654,9.13408218722597e-05,-9.483908163205686e-05,0.00010204081632653077,953.652983304114
2.330760888830657e-07,-5.244146450422704e-15,-729.7624631539803,37.058674871774734,-46.07956603281479,0.0001807740237647548,-0.0002247783708917795,0.0002040816326530614,875.6008976770207
4.4879199198657295e-07,-2.872184268198907e-15,-760.6577184719522,53.5548662050916,-106.52923733651895,0.0002612432497809347,-0.0005196548162757022,0.000306122448979592,682.1031891067045
7.846593973829726e-07,-1.300122676184401e-15,-730.7238493001485,67.58795174140418,-212.3000553051021,0.00032969732556782536,-0.0010356100258785469,0.0004081632653061226,520.1789039517593
1.170514622920459e-06,3.3560354495421054e-16,-777.1892449025538,80.59628696482449,-295.419262790309,0.0003931526193406073,-0.0016435428245409915,0.0005102040816326532,435.880143350694
1.653189117684778e-06,-1.4867396203044335e-16,-791.0654361617495,91.6198271690947,-297.03072731109063,0.00044692598619070596,-0.0024296230785808078,0.0006122448979591838,370.3417179618307
2.2006401542490526e-06,-2.2372148578142515e-16,-804.0480924529879,101.31544826646584,-298.8865289475417,0.000494221698860809,-0.0033348921695325424,0.0007142857142857144,324.58087838966003
2.8146455836001508e-06,-2.0218067220412196e-15,-815.4384214268412,109.64670431170711,-300.99337375358465,0.0005348619722522299,-0.004362621343212032,0.000816326530612245,290.02817810123713
3.4713662660684214e-06,-5.195488483877852e-15,-827.5996309193085,117.10229766804635,-303.2613404943856,0.0005712307203319335,-0.005468946582627119,0.0009183673469387757,264.55501279583916
4.1946900858818665e-06,-6.386926543200389e-15,-837.5585392152459,123.19252670880952,-305.78053426925254,0.0006009391546771197,-0.006697821594757328,0.0010204081632653064,243.2618721224984
4.929733864330459e-06,-3.5042830859310926e-15,-849.1852276703196,129.04249659755212,-308.3439357280912,0.000629475593158791,-0.007948261330776208,0.001122448979591837,227.6895691496491
5.75096272400146e-06,-2.4303972168127076e-15,-857.7971506031488,133.12567232123538,-311.23242731330083,0.0006493935235182215,-0.009357281616244318,0.0012244897959183675,212.91909801605883
6.621983789931367e-06,-7.01243152434472e-15,-865.5907399149942,136.18810781661108,-314.3087351005191,0.0006643322332517614,-0.010857919561228816,0.0013265306122448983,200.32223791635815
7.512809141717663e-06,-7.003109203651546e-16,-874.4028936995445,138.84455545193077,-317.45974465398757,0.0006772905143996624,-0.012394997392189072,0.0014285714285714288,190.15143358810425
8.373559478531255e-06,-6.2746039475314325e-15,-884.4491477297357,142.11754089419094,-320.49731125097907,0.0006932562970448339,-0.013876737195599549,0.0015306122448979595,182.79111157235525
9.286213825408228e-06,-1.3615135685540734e-15,-893.5579431218562,144.32649413015173,-323.73065977392963,0.0007040316786836671,-0.01545398037752665,0.00163265306122449,175.8147175932294
1.0183863884085077e-05,-5.5570126278325915e-15,-903.3297483882891,146.84303527421508,-326.9074121217893,0.0007163074891425127,-0.01700361566916552,0.0017346938775510206,170.337496386016
1.1116369855877729e-05,-6.803020369261503e-16,-911.9553417878842,148.64503019940452,-330.2156409739218,0.0007250977082897782,-0.01861738584093747,0.0018367346938775514,165.22792221656664
1.2152510882677506e-05,-9.897576092043891e-15,-920.740952049518,148.32250649694785,-333.91478125354115,0.0007235244219363311,-0.02042184451392253,0.001938775510204082,159.53703139387113
1.3207672569694136e-05,-5.549736670218409e-15,-928.4432925731693,147.61005926004572,-337.68566746349853,0.0007200490695611988,-0.022261301201706597,0.0020408163265306124,154.51748336140602
1.421963674404167e-05,-2.333763404749334e-15,-936.4050671741654,147.78316103286002,-341.293612655668,0.0007208934684529759,-0.024021274466179528,0.002142857142857143,150.6970382879187
1.5183281423671371e-05,-6.6629581851884715e-15,-944.5956475842116,148.94681244738987,-344.7192967137619,0.0007265698168165361,-0.02569233986037165,0.0022448979591836735,147.85327996909703
1.6164681856733744e-05,-3.665263648144901e-15,-952.9500276758548,149.74647091654998,-348.21195547380376,0.0007304705898368293,-0.027396075840879885,0.002346938775510204,145.1892957938134
1.723820149995533e-05,-4.765752237290145e-15,-960.6822125973192,148.65768557744627,-352.05208789456617,0.0007251594418412014,-0.02926931116808107,0.0024489795918367346,142.0670011220765
1.8212310388041537e-05,-4.2946339817717676e-15,-968.1325416322363,149.60682071861788,-355.51724294695794,0.0007297893693591117,-0.03095963070583316,0.0025510204081632655,140.07121303172508
1.9136432989993087e-05,-4.69935912406072e-15,-975.4916258278164,151.5806747255498,-358.79384972804985,0.000739417925490487,-0.03255797547709749,0.002653061224489796,138.63927649824538
2.0055300763765256e-05,-6.155460141599178e-15,-982.0979121238502,153.66225271015912,-362.0506352972491,0.0007495719644398007,-0.03414665136451175,0.0027551020408163266,137.3752542167846
2.0944705499120015e-05,-3.434251993894577e-15,-988.7667730685802,156.34782298232528,-365.19628628553784,0.0007626723072308552,-0.03568111526123797,0.002857142857142857,136.41360854956395
2.1794452670392017e-05,-7.948983693495392e-15,-995.5497258513142,159.84637331818806,-368.19234894210643,0.0007797384064301858,-0.03714260924005192,0.0029591836734693877,135.7769207707367
2.2622420428293994e-05,-2.8921931516379115e-15,-1000.633893041841,163.79140162813638,-371.1062596514433,0.0007989824469665191,-0.03856402909826503,0.0030612244897959186,135.31816807573904
2.341497815611278e-05,-7.918060873635113e-15,-1006.0214798491977,168.46233555479,-373.88660372730635,0.0008217674905111709,-0.03992029450112506,0.003163265306122449,135.09580427674405
2.420984658165192e-05,-7.981725502759217e-15,-1010.7635413259441,173.08590017817642,-376.6756637549706,0.0008443214642837875,-0.04128081158779055,0.0032653061224489797,134.8751265909995
2.498017866814638e-05,-3.68345354218036e-15,-1015.832846267851,178.21245975197874,-379.3721727117583,0.000869329071960872,-0.04259618181061383,0.0033673469387755102,134.80075477079762
2.5736218389950786e-05,-3.785316948778927e-15,-1020.8815308048494,183.63201280192712,-382.01477086893516,0.0008957659161069617,-0.043885254082407406,0.0034693877551020408,134.8056541382448
2.6439922264703347e-05,-7.008566171862185e-15,-1027.1127886216234,190.1244507164385,-384.4599582110324,0.0009274363449582367,-0.04507802839562559,0.0035714285714285718,135.07712071439568
2.7203072863955162e-05,-9.886207408271731e-15,-1030.8750405673227,195.39823077871503,-387.1293785979409,0.0009531621013595857,-0.04638018468192239,0.0036734693877551023,135.0387658823115
2.7860657860684403e-05,-6.287336873356253e-15,-1036.2353264825174,202.83610569270436,-389.4006055321342,0.0009894444180131921,-0.04748810025957767,0.003775510204081633,135.51403642228593
2.8555448819131715e-05,-1.7480488168075682e-15,-1039.5732945744433,209.51125839147318,-391.8121733539281,0.0010220061384949913,-0.04866447480679419,0.0038775510204081634,135.7902320138027
2.9220523426062437e-05,-2.4037944967858497e-15,-1043.3972440170282,216.79559629633215,-394.11165109780137,0.0010575394941284497,-0.04978617126722019,0.003979591836734694,136.19166839377036
2.9870341895175054e-05,-7.828930392861366e-15,-1047.3150342373688,224.39268502646237,-396.35358268982475,0.001094598463543719,-0.050879796434060875,0.004081632653061225,136.644992795363
3.046947078430738e-05,-3.4096956369467077e-15,-1052.2606623748236,233.02891014618837,-398.40431318616254,0.0011367263909570166,-0.05188015277373782,0.004183673469387755,137.30706053294705
3.112822250612487e-05,-7.588823791593314e-15,-1055.3051286384618,240.44286719586862,-400.6799410073887,0.0011728920351017982,-0.052990215125555476,0.004285714285714286,137.67937712701126
3.1725668083530946e-05,-1.7398633644916117e-15,-1059.6005618385275,249.11360020598298,-402.724322051895,0.001215188293687722,-0.05398747417165613,0.004387755102040817,138.3030009167415
3.2378039469114237e-05,-5.5674718169029804e-15,-1062.2053601892314,256.6583541484641,-404.9758832448458,0.0012519919714559227,-0.05508579670480285,0.004489795918367347,138.66793641567494
3.296758511972879e-05,-5.167294148122892e-15,-1065.9771976928616,265.4910356578047,-406.9904657654945,0.0012950782227209986,-0.0560685198856071,0.004591836734693878,139.28338147964575
3.35295809924702e-05,-6.302798283286392e-16,-1069.9253078363827,274.8884876135443,-408.90113052400574,0.0013409194517733872,-0.05700055147512476,0.004693877551020408,139.9921326805283
3.407836434809245e-05,-2.270098775625229e-15,-1072.5176663397863,284.55679617022713,-410.7619576679435,0.0013880819325376935,-0.057908272033143166,0.004795918367346939,140.73205856828022
3.457923789603743e-05,-2.6466295821592214e-16,-1075.3515418220472,295.00207255784295,-412.4420690173225,0.0014400353940697253,-0.058727838545035396,0.004897959183673469,141.64450929772357
3.497865552065924e-05,-6.675691111013296e-16,-1076.9377549902413,295.1293756182649,-413.7394886239266,0.0015021344479340753,-0.059360726158013,0.005,142.94431634305894
