p,mx,my,emax,emin,esmax,esmin,ec,xn
0.0,0.0,0.0,1.214187762853868e-15,1.214187762853868e-15,5.922867135872527e-21,5.922867135872527e-21,0.0,0.0
6.629402160644531e-10,-2.0210388917973888e-17,-0.4885491654979724,-0.01359027442932008,-0.24326591228484987,-6.629402160643943e-08,-1.1866629867553653e-06,5.922867135872527e-21,8.934240211030864e-12
4.0697685071130695e-07,-1.1404192434838477e-13,-551.0163156289573,12.575341907356977,-128.42178802157528,6.13431312553999e-05,-0.0006264477464467088,0.00010204081632653062,250.72879734605417
8.141207669912794e-07,-8.900718739823787e-14,-1102.049904171198,25.147258970556308,-256.9048807535724,0.00012266955595393323,-0.001253194540261329,0.00020408163265306123,250.677345336957
1.3918050256998456e-06,-1.437526293557312e-13,-1406.4871605169797,34.22309901396947,-296.52967752139745,0.0001669419464096072,-0.0021852085470231318,0.0003061224489795918,219.94635981836848
2.2263153922142656e-06,-1.289099600398913e-13,-1509.512486017142,38.03400384736263,-299.3827296378527,0.00018553172608469577,-0.0035769412867574135,0.00040816326530612246,183.3357783598524
3.2406974856653743e-06,-3.4569211493362674e-14,-1585.2861659907878,38.15753827855367,-302.89582105630217,0.0001861343330661155,-0.005290644417708368,0.0005102040816326531,157.43650368152117
4.412495827462985e-06,-3.1349372875411063e-13,-1655.1993246720108,35.054039618641404,-306.9865513980591,0.00017099531521288494,-0.0072861226331995595,0.0006122448979591836,138.75251601341478
5.727873507658398e-06,3.688951437652577e-13,-1724.4202102746676,29.007164521574193,-311.60414612206677,0.00014149836351987413,-0.00953860786442282,0.0007142857142857143,124.70347212288914
7.120753978606459e-06,-6.306704563030508e-13,-1796.3635115289285,21.37148221407772,-316.5061373367413,0.00010425113275159864,-0.01192982309109332,0.0008163265306122449,114.64046266235435
8.65783264892624e-06,-3.9233509596670047e-13,-1871.363705874601,10.779736819460966,-321.9372638440103,5.2584082046151065e-05,-0.014579153094639195,0.0009183673469387756,106.07358494653661
1.0285001856021202e-05,-3.6091023503104223e-13,-1948.4006071869458,-1.6588645790469922,-327.6989775759759,-8.092022336814598e-06,-0.01738974515901265,0.0010204081632653062,99.21322111069172
1.195112024616609e-05,-2.5910594558808955e-13,-2028.238660341387,-14.895924230078444,-333.6036153351432,-7.266304502477291e-05,-0.020270056261045468,0.0011224489795918367,93.91998042626318
1.3677024863977977e-05,-1.062699084286578e-13,-2111.116374397248,-29.358601548283392,-339.72763865673454,-0.0001432126904794312,-0.023257384710602215,0.0012244897959183673,89.5289588266657
1.5458679372486104e-05,-3.7319296097848567e-13,-2194.7920005028072,-44.9641516257612,-346.0562362022357,-0.00021933732500371318,-0.026344505464505234,0.001326530612244898,85.81138014971081
1.72807947577843e-05,-4.946032277075574e-13,-2280.7991918997222,-61.39914967743548,-352.53330493511805,-0.0002995080472070024,-0.029504051187862472,0.0014285714285714286,82.66815552148809
1.910125031573287e-05,-1.729640644043684e-13,-2367.428716992161,-77.80012126844237,-359.00428293154096,-0.00037951278667532865,-0.03266062582026388,0.0015306122448979593,80.13152121446524
2.0956167664204806e-05,-4.566609277389944e-13,-2454.738387901881,-94.90755956517837,-365.60171846828933,-0.00046296370519599214,-0.03587888705770212,0.0016326530612244899,77.90799765422862
2.2826687991004297e-05,-4.454122972674668e-13,-2543.192798486809,-112.33485891762918,-372.25640913401065,-0.0005479749215494107,-0.03912507762634668,0.0017346938775510204,75.9941117272309
2.4703505156333187e-05,-6.70670488034375e-13,-2631.3032755795903,-129.89124345993258,-378.9342060487156,-0.0006336158217557688,-0.04238253953595886,0.0018367346938775511,74.35117738369493
2.658175368547109e-05,-2.2065069060772657e-13,-2719.335571542068,-147.47697096032087,-385.6172553529178,-0.0007193998583430287,-0.04564256358678918,0.0019387755102040817,72.93632817250003
2.84903764586818e-05,-2.867782313842327e-13,-2809.8240248281713,-165.6853704642017,-392.4117629457451,-0.0008082213193375694,-0.04895695753450982,0.0020408163265306124,71.63177817219469
3.0449832836394154e-05,-1.0854819265659899e-12,-2902.172091227261,-184.9358588603662,-399.39280445029124,-0.0009021261407822743,-0.052362343634288405,0.002142857142857143,70.37336311074799
3.240346118697062e-05,-6.389309419319033e-13,-2994.7453823522983,-204.06687270024497,-406.35246000926213,-0.0009954481595133902,-0.055757297565493746,0.0022448979591836735,69.27957313666057
3.43689335312258e-05,-8.593815437052399e-13,-3086.8609610872495,-223.44068841053743,-413.35557710303715,-0.0010899545776123778,-0.059173452245383985,0.002346938775510204,68.28663372338566
3.633151509885621e-05,-7.273411029018462e-14,-3179.088254190985,-242.75524320002214,-420.34808649198754,-0.0011841719180488886,-0.06258443243511588,0.0024489795918367346,67.40648126490693
3.8284674089400253e-05,-8.361239451915026e-13,-3271.6796837841193,-261.8766351592362,-427.30601973431953,-0.001277447000776762,-0.06597854621186319,0.0025510204081632655,66.63294043476154
4.028456288091257e-05,-7.771814125590026e-13,-3365.311955596607,-281.9559880383,-434.4354279813046,-0.0013753950636014637,-0.06945630633234372,0.002653061224489796,65.85801197179816
4.230981708552494e-05,-5.110014171805233e-13,-3460.1884283477725,-295.07555331885914,-441.6579146116603,-0.0014758796677361704,-0.07297947054227333,0.0027551020408163266,65.11732336840812
4.436955217006434e-05,-1.0788717190735042e-12,-3556.6757825831737,-295.28861533772033,-449.00692883090824,-0.0015798123598635794,-0.07656435552727231,0.002857142857142857,64.39422345737673
4.6426042128855166e-05,-1.233805960509926e-12,-3653.2517725238763,-295.50101210580306,-456.3440350612218,-0.0016834205394161313,-0.08014343173718137,0.0029591836734693877,63.7397361001869
4.8483735811779064e-05,-7.056514732539654e-13,-3749.794884559182,-295.7136556373331,-463.68555835724163,-0.0017871490913819905,-0.08372466261328862,0.0030612244897959186,63.13920407618833
5.054266474129606e-05,-9.908617357723415e-13,-3846.3042577006563,-295.92655239441467,-471.03161439063484,-0.0018910011680071596,-0.0873081045807975,0.003163265306122449,62.58604136354315
5.260129919407803e-05,-4.909743438474834e-13,-3942.8216740291273,-296.1393887837656,-478.37658984164887,-0.001994823796958826,-0.0908910194349507,0.0032653061224489797,62.07652990473276
5.4657626216928303e-05,-3.802706487476826e-13,-4039.4021143188465,-296.3517521499805,-485.7130981785286,-0.002098415682917323,-0.09446980398952616,0.0033673469387755102,61.60799822171185
5.670954687125306e-05,-7.880880730226635e-13,-4136.102907905471,-296.5632122106477,-493.0334373461039,-0.002201566932023268,-0.09804070114444094,0.0034693877551020408,61.17819567450515
5.8772510006780215e-05,-1.323809556197375e-12,-4232.502092806751,-296.77693597996137,-500.3942968984514,-0.0023058224292494527,-0.10163136434070802,0.0035714285714285718,60.7669907413612
6.0831438322192955e-05,-9.620271157473326e-13,-4329.011482721488,-296.9898326111516,-507.74035067838906,-0.0024096744444641965,-0.1052148052089703,0.0036734693877551023,60.38767928350826
6.289744400581903e-05,-8.002534741535783e-13,-4426.305907150278,-297.20418010282555,-515.1123748609855,-0.0025142341965002733,-0.10881091456633443,0.003775510204081633,60.02644882886397
6.498797031984541e-05,-1.2099699233658612e-12,-4524.585666349395,-297.4235543237316,-522.574377496836,-0.0026212460115763807,-0.11245091585211513,0.0038775510204081634,59.66567352887576
6.707104061267716e-05,-9.59385943133384e-13,-4623.019311235945,-297.6414000602927,-530.0090202629127,-0.0027275122245330255,-0.11607757085995743,0.003979591836734694,59.33398081172022
6.916930873585042e-05,-8.546921890228986e-13,-4721.139286336927,-297.86236135207383,-537.4994314674276,-0.0028352982205238205,-0.11973142998411104,0.004081632653061225,59.00930235761799
7.126899248239684e-05,-1.8759601516649127e-12,-4819.23004422282,-298.0836128466465,-544.9950373019103,-0.0029432257788519333,-0.12338782307410262,0.004183673469387755,58.70257630513166
7.336437283418732e-05,5.800611688755453e-13,-4917.4096203727095,-298.3039821452941,-552.4748518293361,-0.003050722997704451,-0.12703651308748104,0.004285714285714286,58.41683258712696
7.545198047615839e-05,-1.1349548003636302e-12,-5015.749618383368,-298.5227580384288,-559.9261443980795,-0.003157442945575026,-0.1306712899502827,0.004387755102040817,58.15294806512438
7.755946327915158e-05,-2.1832165657542647e-12,-5113.6794106374655,-298.74560833957304,-567.4503688701936,-0.0032661504095478156,-0.134341643351314,0.004489795918367347,57.888434609297114
7.964306506179255e-05,-1.3091412256471813e-12,-5212.102086044028,-298.96356303154505,-574.8869619381253,-0.003372469771485381,-0.13796924972591482,0.004591836734693878,57.65519861812471
8.173783323630471e-05,-1.7694546841084959e-12,-5310.294296992,-299.1838068338506,-582.3645300810283,-0.0034799057726100672,-0.14161684394196503,0.004693877551020408,57.42600904834817
8.383134438777603e-05,-2.564076567068696e-12,-5408.512451784394,-299.4037929464329,-589.837485577883,-0.0035872160714306694,-0.1452621880867722,0.004795918367346939,57.20913105201569
8.593270185945726e-05,-1.3159806258045137e-12,-5506.5686654627825,-299.6253875546581,-597.3392331467478,-0.003695311002272262,-0.14892157714475504,0.004897959183673469,56.997616479976045
8.802516157215981e-05,-1.4963807188905776e-12,-5604.808521022192,-299.8451581222928,-604.8083303890404,-0.0038025161572159865,-0.1525650392141661,0.005,56.80194061218715
