p,mx,my,emax,emin,esmax,esmin,ec,xn
0.0,0.0,0.0,8.249576553977314e-16,8.249576553977314e-16,4.024183684866983e-21,4.024183684866983e-21,0.0,0.0
9.073505401611329e-11,-3.3651303965598343e-17,-0.1453196932548873,-0.0015810583162299493,-0.015159559149741304,-7.712479591365608e-09,-7.394906902312832e-08,4.024183684866983e-21,4.435092620490801e-11
2.0775553940727824e-07,-2.945307642221451e-14,-353.2066220317222,17.29822707276695,-13.79238939953224,8.438159547691197e-05,-6.727994829040118e-05,0.00010204081632653062,491.1581015728905
4.2969558169591586e-07,-7.491325959563255e-14,-668.3736961582797,34.34928918282621,-29.954654617967595,0.00016755750820890837,-0.00014612026642911024,0.00020408163265306123,474.94468490365904
7.488999474849222e-07,-7.715425454080104e-14,-842.5686278510644,49.705520455891545,-62.36735668522707,0.00024246595344337344,-0.0003042310082206199,0.0003061224489795918,408.7628127197259
1.129972104526305e-06,-1.5352270565927028e-14,-991.6516511977928,63.98370546638423,-105.11661997597731,0.0003121156364213865,-0.0005127639998828163,0.00040816326530612246,361.21534653037156
1.5155481286525741e-06,-3.0267983675003055e-14,-1166.395870465087,78.18341059292277,-148.61836685993492,0.00038138249069718426,-0.0007249676432191949,0.0005102040816326531,336.64657161779445
1.8919968918687008e-06,-4.53037500847131e-14,-1357.2242951203389,92.54215824082051,-190.59517662733055,0.000451425162150344,-0.0009297325689138077,0.0006122448979591836,323.59720070918155
2.263221992601346e-06,-9.232917363988235e-14,-1552.3344023520053,106.99192820749296,-231.69924298529847,0.0005219118449145999,-0.001130240209684383,0.0007142857142857143,315.60567925761217
2.622873852290614e-06,-1.0356176005643647e-13,-1755.449165420575,121.64336189934622,-270.8697100959442,0.0005933822531675426,-0.0013213156590046059,0.0008163265306122449,311.23362257751313
2.971656359570062e-06,-1.1289694157312625e-13,-1960.663930400045,136.48419405694062,-308.22418015271916,0.0006657765563753202,-0.0015035325861108254,0.0009183673469387756,309.0422430511597
3.3152310591978975e-06,-9.859343208518112e-14,-2166.044491207439,151.41577226286438,-344.70855574610096,0.0007386135232334849,-0.0016815051499809806,0.0010204081632653062,307.7939802820828
3.6511436327625198e-06,-1.5206387615762652e-13,-2369.162825040246,166.4808630154396,-379.91278162747153,0.0008121017708070226,-0.0018532330811096174,0.0011224489795918367,307.42394506747246
3.983473790845719e-06,-1.6712783690309153e-13,-2569.4475749101957,181.60837735777858,-414.51847544228326,0.0008858945236964811,-0.0020220413436208944,0.0012244897959183673,307.39245698875294
4.3119856168393545e-06,-1.4556303540302906e-13,-2766.5694042186587,196.8024261367783,-448.4862214232311,0.0009600118348135529,-0.0021877376654791765,0.001326530612244898,307.6379956056608
4.636580850851482e-06,-1.4074907994654496e-13,-2960.376570579548,212.06472153105577,-481.7996027988685,0.0010344620562490526,-0.0023502419648725294,0.0014285714285714286,308.10881434518274
5.035480314257053e-06,-1.300795702263713e-13,-3098.2119072621717,226.03226572815248,-490.37527363300416,0.0011025964181861098,-0.0025733042112215396,0.0015306122448979593,303.9654907525519
5.455476106677953e-06,-1.4150919014355168e-13,-3216.7467722322276,239.63220639215703,-490.867797929722,0.0011689375921568638,-0.0028135599657180426,0.0016326530612244899,299.2686668036155
5.8699099671128025e-06,-1.1077554518124088e-13,-3333.2967526703987,253.32906372101854,-491.3510296285741,0.0012357515303464321,-0.0030492827456459143,0.0017346938775510204,295.5230808087256
6.382944253549697e-06,-1.7040656530298293e-13,-3406.9770286944063,265.3078086267945,-491.9989979891692,0.001294184432325827,-0.003365364872765453,0.0018367346938775511,287.756656006529
7.020325035823305e-06,-9.767427400220185e-14,-3425.926711296299,275.1198158426156,-492.85471825768343,0.0013420478821591006,-0.003782789393991913,0.0019387755102040817,276.16606073235937
7.667988766834647e-06,-2.0066025285814249e-13,-3443.596507881621,284.7526426766817,-493.7276187628012,0.0013890372813496672,-0.004208594518439626,0.0020408163265306124,266.1475373252357
8.32710212874777e-06,-1.690132194198668e-13,-3459.9836762163814,294.18595969228437,-494.6196487387482,0.0014350534619135824,-0.004643731092072291,0.002142857142857143,257.33527819471885
8.980525899486687e-06,-1.5697150956839325e-13,-3476.0889590052147,303.71841783409747,-495.50217283024085,0.0014815532577273048,-0.005074230648897978,0.0022448979591836735,249.97399754862778
9.643498273988148e-06,-2.316082827746868e-13,-3491.231280951242,313.08449155534834,-496.40065025146976,0.0015272414222212115,-0.005512512317790137,0.002346938775510204,243.37006227716245
1.0296938433770387e-05,-1.6890862752916293e-13,-3505.232018383008,322.61666411808153,-497.28320172495654,0.0015737398249662516,-0.0059430252316861314,0.0024489795918367346,237.83570306732443
1.093485257978334e-05,-1.9726576283574105e-13,-3518.538716770317,332.4193774707446,-498.13981311093835,0.0016215579388816814,-0.006360884444360158,0.0025510204081632655,233.29262004680913
1.1583425321429442e-05,-1.5251862350851298e-13,-3530.116054859257,342.03636479450006,-499.01423234557416,0.0016684700721682933,-0.0067874304124752,0.002653061224489796,229.03943789248666
1.2223107276741978e-05,-1.612534106243402e-13,-3541.214783796121,351.8082740701179,-499.8737972989432,0.0017161379222932582,-0.0072067303897283864,0.0027551020408163266,225.4011176076897
1.2856347423016824e-05,-2.0363813746371307e-13,-3551.8180810396843,361.6924318682175,-500.7225995998625,0.001764353326186427,-0.007620780292615856,0.002857142857142857,222.2359713169925
1.3478614358062541e-05,-2.227970981039107e-13,-3561.2721578638048,371.7677978719846,-501.55306840812074,0.0018135014530340715,-0.008025887028351584,0.0029591836734693877,219.54657911102592
1.409075888669003e-05,-1.0521398507989944e-13,-3570.856125091893,382.01954680758945,-502.3666252058557,0.001863509984427266,-0.008422744002856457,0.0030612244897959186,217.25050541369467
1.4715951159201796e-05,-1.6042758943513035e-13,-3579.8777812209646,392.04393880601066,-503.20198152168535,0.0019124094575902963,-0.008830234888627017,0.003163265306122449,214.95486577124703
1.5342017234972204e-05,-1.028602127917111e-13,-3588.5087906829067,402.05310478265005,-504.0387977443094,0.001961234657476342,-0.009238437924053367,0.0032653061224489797,212.83421028922444
1.5954920808177967e-05,-1.6938429325819017e-13,-3597.0013828457195,412.29162736647845,-504.85362271577355,0.002011178670080383,-0.009635913519889534,0.0033673469387755102,211.05381714270365
1.6565257220626338e-05,-2.1171581465750934e-13,-3605.135648745333,422.57488272650437,-505.66415860340226,0.002061340891348802,-0.010031296879708426,0.0034693877551020408,209.4376023803669
1.7172227350963967e-05,-2.9275543056428433e-13,-3613.1725224393235,432.91679555230996,-506.4690702751945,0.0021117892465966344,-0.010423936719607063,0.0035714285714285718,207.97701418902358
1.777548567111682e-05,-1.5304249245673418e-13,-3621.032604571275,443.3233866705853,-507.2677804401205,0.0021625531057101726,-0.010813551434205107,0.0036734693877551023,206.65929785108938
1.8374895589619525e-05,-1.9445360521785917e-13,-3629.005173825084,453.7970361876144,-508.0600608879895,0.0022136440789639732,-0.011200029701458282,0.003775510204081633,205.47111060671935
1.8970416217793212e-05,-2.5037297746166585e-13,-3636.1536442595934,464.33845658862657,-508.8458433040413,0.00226506564189574,-0.011583338197093307,0.0038775510204081634,204.3998916993309
1.956205017489835e-05,-1.8375430954620242e-13,-3643.315768005701,474.9476022330083,-509.6251320644053,0.0023168175718683336,-0.011963479055807465,0.003979591836734694,203.43429247723893
2.014981962848514e-05,-1.753860487951897e-13,-3650.8377474330086,485.6240868511974,-510.397964205516,0.0023688979846399876,-0.012340470344154166,0.004081632653061225,202.56422778550112
2.0662403647758562e-05,-1.2492091627791524e-13,-3653.4215875029317,490.07610677662296,-511.0451802822477,0.0024273691593282767,-0.012656185503535476,0.004183673469387755,202.4775791194843
2.1115648040068605e-05,-1.748485374264419e-13,-3653.1408348088694,490.2063126147323,-511.59325467723033,0.0024908842023084543,-0.012923538866941631,0.004285714285714286,202.96390040134244
2.156886338475542e-05,-1.7531419871374964e-13,-3652.398292742275,490.33652351439,-512.1412805408964,0.002554401714336606,-0.013190868556534854,0.004387755102040817,203.43005673363496
2.2015334380028527e-05,-2.1922460291534665e-13,-3651.6784607262825,490.46790961693307,-512.6780382827797,0.002618492496064922,-0.013452701601355905,0.004489795918367347,203.9394833103384
2.245217678661094e-05,-2.1231244318187238e-13,-3650.649116417848,490.6009735010555,-513.1987090601078,0.0026834017078319478,-0.01370668734639404,0.004591836734693878,204.5163272289999
2.2891751948555303e-05,-1.6534613678231837e-13,-3648.931196263902,490.7335612025561,-513.7239455884569,0.002748078635393207,-0.013962900287052167,0.004693877551020408,205.04667190038455
2.3325878696966718e-05,-2.080414560623467e-13,-3647.549654000385,490.86709829011477,-514.2400791798959,0.002813218678104768,-0.014214672770680939,0.004795918367346939,205.60504620863853
2.375644685833149e-05,-2.4402106646448373e-13,-3646.309633398627,491.00125546146637,-514.7502672620267,0.0028786612007152923,-0.014463545005866697,0.004897959183673469,206.17389514862293
2.418429183700686e-05,-1.5032128430902956e-13,-3645.121740580418,491.13588714740155,-515.2559055866792,0.0029443351938544166,-0.014710197847160593,0.005,206.74576843920602
