p,mx,my,emax,emin,esmax,esmin,ec,xn
0.0,0.0,0.0,2.6979372039320734e-12,2.6979372039320734e-12,1.316066928747353e-17,1.316066928747353e-17,0.0,0.0
2.814701080322266e-10,2.62723176547297e-18,0.09015124862119671,-0.004616109769030578,-0.03000471351353741,-2.251760862941746e-08,-1.4636445616359715e-07,1.316066928747353e-17,4.6756898554807514e-08
5.98284424504987e-07,1.076841726899147e-15,166.72196985961847,25.532963024327714,-28.4322920660221,0.00012455103914306204,-0.00013869410763913222,0.000172413793103461,288.1803136461626
1.5329281568610025e-06,1.9208528101444246e-15,236.53532531949153,45.54963339989587,-92.72048634896655,0.00022219333365802865,-0.00045229505536081247,0.00034482758620690883,224.94699745943535
2.6016545926050353e-06,-3.0267983675003054e-15,311.5872775760766,63.367347439900506,-171.30189681307363,0.0003091090119019537,-0.0008356190088442617,0.0005172413793103566,198.81247140975893
3.6321615148285753e-06,1.6025296645238995e-15,396.83039756924893,81.81186150164126,-245.80910713589623,0.00039908225122751843,-0.0011990688152970549,0.0006896551724138044,189.87458834036835
4.605669039117391e-06,1.6298145055770872e-15,485.87403230386417,101.1911656895115,-314.2401816388771,0.000493615442387861,-0.001532878934823791,0.0008620689655172523,187.17562165136712
5.743463455240741e-06,0.0,545.6672638073542,117.87616485129534,-345.5518423881142,0.0005750056822014408,-0.0019521182381044856,0.0010344827586207,180.1147977492161
7.027427287858293e-06,4.889443516731262e-15,581.582118965488,132.16398558257433,-346.5670995578224,0.0006447023686954846,-0.0024473656379621644,0.001206896551724148,171.74088073588118
8.53118898422287e-06,-4.423782229423523e-15,599.7359131615738,142.84712134840206,-347.816661250285,0.0006968152260897662,-0.0030569079269682966,0.0013793103448275959,161.67855938702326
1.0026954589204827e-05,4.423782229423523e-15,617.4752516563976,153.66139301290477,-349.0576991093337,0.0007495677707946575,-0.003662292248455466,0.0015517241379310437,154.7552773004132
1.1518291654676637e-05,1.2107193470001222e-14,633.2915391217791,164.5482927253739,-350.2940161452646,0.0008026745986603606,-0.00426537372939736,0.0017241379310344916,149.68694861398652
1.3259760685806999e-05,-1.164153218269348e-15,640.1996786564029,171.33302820104277,-351.7969738565875,0.0008357708692733794,-0.0049985238324817,0.0018965517241379393,143.03061488643402
1.4955914572579892e-05,2.7939677238464356e-15,646.8463170880688,178.86093204417404,-353.25162562402534,0.0008724923514349954,-0.005708110060500157,0.0020689655172413867,138.33761266827634
1.661496077205551e-05,1.327134668827057e-14,652.88877628259,186.9974019589808,-354.6667205968043,0.0009121824485803943,-0.00639840029112403,0.002241379310344835,134.901270071885
1.8291577980713208e-05,1.2805685400962828e-14,658.0614234127729,194.84570732320128,-356.1005462653713,0.0009504668649912259,-0.0070978274465225855,0.0024137931034482825,131.96199398397482
1.9914763464277962e-05,1.0244548320770263e-14,662.9108636575916,203.57029297894616,-357.47741371498927,0.0009930258194094936,-0.007769470104872809,0.0025862068965517306,129.86380185688523
2.1487497279378512e-05,-1.1175870895385742e-14,667.3986394697006,213.1222859975039,-358.80049968602435,0.0010396209073048972,-0.008414877895621647,0.0027586206896551783,128.38259634371744
2.3033916063325796e-05,1.83936208486557e-14,671.715674370942,223.1058455269752,-360.09553383385014,0.0010883211976925621,-0.00904660187017079,0.002931034482758626,127.24863955831499
2.4553949200581708e-05,3.725290298461914e-15,675.4569808179142,233.52212966218514,-361.36244088230285,0.0011391323398155374,-0.009664605308440414,0.003103448275862074,126.39303969027313
2.604794758173933e-05,-8.149072527885436e-15,679.0741411215283,244.36538379740685,-362.6015948807548,0.001192026262426375,-0.010269070673538931,0.0032758620689655217,125.76277108535162
2.7707548528080028e-05,2.561137080192566e-15,681.0719503953794,252.4927558636263,-364.01728121369194,0.0012316719798225674,-0.010959649372532645,0.00344827586206897,124.45257863842909
2.9417301374540598e-05,6.984919309616089e-16,682.7761148251946,259.79763676787974,-365.48642947215683,0.0012673055452091697,-0.011676307059588694,0.0036206896551724175,123.08027881530859
3.120053268328639e-05,9.546056389808655e-15,684.1640021924723,265.8974708906555,-367.0339057714178,0.001297060833612954,-0.012431173547033056,0.003793103448275865,121.57175285368663
3.295001627824876e-05,-3.0267983675003046e-15,685.5651077342351,272.5507675194795,-368.54540700778557,0.0013295159391194123,-0.013168491223310042,0.003965517241379313,120.34947745980519
3.468492457754282e-05,1.3737007975578308e-14,686.979235085073,279.4430989972636,-370.041370978971,0.0013631370682793348,-0.013898229745839503,0.0041379310344827605,119.30056313750542
3.641262174607389e-05,-3.2596290111541744e-15,688.348580929435,286.4536930195609,-371.52964788476305,0.0013973350879002973,-0.014624218480372216,0.004310344827586209,118.37502000390734
3.813553493278039e-05,-1.83936208486557e-14,689.6688526739309,293.54274434378124,-373.0128250659301,0.0014319158260672257,-0.015347719544356146,0.004482758620689657,117.54807238422622
3.983431443729447e-05,-1.1641532182693482e-15,691.252794345708,301.0275880559571,-374.47027574188,0.0014684272588095472,-0.01605867109360002,0.004655172413793105,116.86337469472669
4.154108888763555e-05,1.1408701539039611e-14,692.6494079637673,308.3813146565701,-375.93624903008157,0.001504299095885708,-0.01677378001467393,0.004827586206896552,116.2123173986769
4.324726010697299e-05,-1.525040715932846e-14,693.8844325414275,315.7449342456429,-377.4015792740332,0.001540219191442161,-0.017488575255625954,0.005,115.61426059436822
