p,mx,my,emax,emin,esmax,esmin,ec,xn
0.0,0.0,0.0,32.398650869630295,32.398650869630295,0.00015804219936405023,0.00015804219936405023,0.0,0.0
2.814701080322266e-10,-1.7462298274040223e-16,0.08381298897990311,32.39403475985856,32.36864615611405,0.00015801968175540765,0.00015789583490787346,0.00015804219936405023,561488.3955846401
5.49456368223275e-07,2.7357600629329684e-15,163.45190850366515,57.615199159402,8.054234745662612,0.000281049751997083,3.928894997884202e-05,0.000325006261454945,591.505131710252
1.0941565726745021e-06,-1.979060471057892e-15,316.98165261255826,82.90974853503532,-15.783174320204758,0.0004044377977318797,-7.699109424490127e-05,0.0004919703235458399,449.63429899551943
1.7474454292130327e-06,3.725290298461914e-15,416.71860262109516,106.42344401643686,-51.19613369857866,0.0005191387512996921,-0.0002497372375540423,0.0006589343856367347,377.0843853667509
2.5102985206184146e-06,3.958120942115784e-15,488.0350551617977,128.14028604602203,-98.28864051375892,0.0006250745660781563,-0.000479456782993946,0.0008258984477276295,329.00407698291144
3.322378496375732e-06,9.313225746154787e-16,554.8860297941567,149.04980717223546,-150.62873320085552,0.0007270722301084658,-0.0007347743082968562,0.0009928625098185244,298.84087887686604
4.147569396743662e-06,-8.149072527885436e-15,620.895598745999,169.74430913483482,-204.36645045144343,0.000828021020169926,-0.0009969095143972852,0.001159826571909419,279.64006408669655
4.96363608376839e-06,3.0267983675003054e-15,688.1882999205609,190.5884481962627,-257.131526559646,0.0009296997472988426,-0.0012543001295592488,0.0013267906340003138,267.3021574524889
5.761390689523466e-06,1.1874362826347351e-14,754.394359641868,211.73290539051288,-307.94453480450363,0.0010328434409293313,-0.0015021684624609937,0.0014937546960912087,259.2698146312934
6.600322033675432e-06,-2.095475792884827e-15,809.0262933709678,232.2020640750541,-345.1814698336247,0.001132692995488069,-0.001771448699329121,0.0016607187581821035,251.61177738131084
7.590980288124274e-06,4.423782229423523e-15,834.4665261409571,250.18290143072656,-345.89523520558083,0.0012204043972230566,-0.0021196269295516235,0.0018276828202729984,240.77032885098134
8.569310121654758e-06,8.847564458847046e-15,858.7177052496046,268.3659248894601,-346.595858480838,0.0013091020726315127,-0.0024613943808965808,0.0019946468823638934,232.7663317171116
9.583349998561118e-06,-4.889443516731262e-15,878.1253674274938,285.9633036368291,-347.3345486623338,0.0013949429445698984,-0.002821731054796994,0.002161610944454788,225.55901065695613
1.0655029486934726e-05,9.778887033462524e-15,888.7503110207215,302.6153927561354,-348.1346826696538,0.0014761726475909045,-0.003212040326660375,0.0023285750065456827,218.54233340236158
1.1724148116207943e-05,-2.3283064365386937e-16,897.819378596989,319.3094799646881,-348.93208680117266,0.001557607219339942,-0.003601017951791553,0.0024955390686365775,212.85461799878166
1.275119595778252e-05,-2.3283064365386937e-16,906.5637963991026,336.6935280914984,-349.6846434730048,0.0016424074541048707,-0.0039681187673194385,0.0026625031307274723,208.8041889986366
1.3724290666827409e-05,2.561137080192566e-15,911.4860275109233,345.099624075918,-350.3796861055604,0.0017315239394721745,-0.004307163953931886,0.002829467192818367,206.16491310967288
1.458194554320522e-05,6.984919309616085e-16,913.1815866268118,345.30124500347836,-350.95166987649276,0.0018298756114528444,-0.004586180427557453,0.002996431254909262,205.48912667593353
1.541659307799779e-05,-7.450580596923828e-15,914.2575265995513,345.50663913505866,-351.4991278212953,0.0019300678707603336,-0.004853233083558695,0.003163395317000157,205.19418920869634
1.6219817774934726e-05,-8.847564458847046e-15,914.874209575107,345.7171866120474,-352.01308902094377,0.0020327739570962736,-0.005103945863875005,0.0033303593790910517,205.32655947822164
1.7010639758780187e-05,-1.3969838619232178e-14,914.9534007753293,345.92976813398303,-352.5138289284367,0.0021364722604795315,-0.005348209233383751,0.0034973234411819465,205.5962321685622
1.777541076075072e-05,4.889443516731262e-15,914.5395654197798,346.1466220169462,-352.98679848925093,0.002242254642412784,-0.005578926092317533,0.0036642875032728414,206.14361899100697
1.8586182053753374e-05,2.561137080192566e-15,912.7489988317516,346.3559318521801,-353.5088043603054,0.002344357001063466,-0.005833563102588018,0.0038312515653637362,206.13440427320234
1.9402393748124446e-05,1.4202669262886047e-14,910.3546922547628,346.5643494615896,-354.0366096992187,0.0024460241276046753,-0.00609102912157008,0.003998215627454631,206.0681624833597
2.0194905440455383e-05,4.656612873077393e-15,907.779148491562,346.7766538713336,-354.5391508359571,0.002549587254309095,-0.006336171139491273,0.0041651796895455255,206.24903156028856
2.0962140440805646e-05,-1.7462298274040224e-14,905.2874653426388,346.9931036585625,-355.01474701904414,0.002655172516371969,-0.006568169277582516,0.004332143751636421,206.66514299290336
2.1736502065249635e-05,-2.793967723846435e-15,902.4145781083441,347.20838467944003,-355.4979401834151,0.0027601876485073445,-0.006803873260202495,0.004499107813727315,206.98398482983535
2.2466693952451714e-05,6.752088665962219e-15,899.7117778970442,347.43090953722526,-355.93404840788617,0.002868736359622073,-0.007016608979456681,0.00466607187581821,207.6884069233078
2.3196040450132914e-05,9.66247171163559e-15,896.6885284719963,347.65357303889186,-356.369255447128,0.0029773527018984716,-0.00722890509616001,0.004833035937909105,208.35607474901656
2.3921636057949044e-05,7.334165275096893e-15,893.5158982261338,347.87685168649637,-356.8004640377737,0.003086269115364077,-0.007439250750133503,0.005,209.01580426554997
