p,mx,my,emax,emin,esmax,esmin,ec,xn
0.0,0.0,0.0,15.89880193093109,15.89880193093109,7.755513137039557e-05,7.755513137039557e-05,0.0,0.0
2.814701080322266e-10,3.92901711165905e-16,0.08703504316923508,15.894185821159363,15.868797217414855,7.7532613761753e-05,7.740876691421882e-05,7.755513137039557e-05,275535.9420315993
5.58993097965797e-07,-4.656612873077392e-16,172.27151010761975,41.52790816115646,-8.893269275358426,0.00020257516176173886,-4.3381801343211836e-05,0.00024729460959900263,442.39295708465755
1.1985514819115842e-06,-2.328306436538696e-15,298.48302384874546,65.83574370131,-42.27359996711488,0.00032114996927468293,-0.0002062126827664141,0.00041703408782760965,347.9484144998736
2.0386569561937217e-06,1.979060471057892e-15,369.94023407226825,86.85460695994738,-97.0322504887263,0.000423681009560719,-0.00047332805116451866,0.0005867735660562167,287.82359105268665
2.952544718759032e-06,5.3551048040390015e-15,440.3243479750119,106.66344069074073,-159.65609294132392,0.0005203094667841012,-0.0007788102094698729,0.0007565130442848237,256.22407663406693
3.875623392619725e-06,-1.6298145055770874e-15,514.1986535804765,126.32154347628982,-223.25968653800933,0.0006162026511038528,-0.0010890716416488261,0.0009262525225134308,238.99446067883574
4.771823302864873e-06,3.0267983675003054e-15,591.4569681064233,146.42045798513385,-283.99800393327763,0.0007142461365128481,-0.001385356116747696,0.001095992000742038,229.67992131729483
5.638920210900081e-06,-4.423782229423522e-15,667.6570209390433,166.9966617302209,-341.6339412929663,0.0008146178620986386,-0.001666507030697397,0.001265731478970645,224.46344896385932
6.760894966285518e-06,9.313225746154784e-15,700.3400873899429,183.39286877876415,-345.8143985718019,0.0008945993598964106,-0.0020801944252692175,0.001435470957199252,212.31966542262518
7.880003059947085e-06,5.3551048040390015e-15,730.2425958042652,199.83608907957887,-346.6594018692765,0.0009748101906320923,-0.0024923911557446256,0.001605210435427859,203.7068289461601
9.134652326143188e-06,-1.0826624929904937e-14,747.7312298448571,214.05643415082724,-347.6488920566729,0.0010441777275650111,-0.0029750692959379923,0.001774949913656466,194.30952052511026
1.0409548566540782e-05,9.19681042432785e-15,761.8058056802822,227.9447288451711,-348.6599655185681,0.0011119255065618104,-0.0034682758627161336,0.001944689391885073,186.81784127852114
1.166755914200983e-05,-4.656612873077391e-16,774.9747182303155,242.10994844434322,-349.6530388616494,0.0011810241387528939,-0.003952701883731431,0.00211442887011368,181.22289712683238
1.2891648143197662e-05,5.122274160385132e-15,787.1332307113718,256.8314818617271,-350.60995180654703,0.001252836496886474,-0.004419488686120497,0.002284168348342287,177.18202691930736
1.421155156565557e-05,-1.83936208486557e-14,794.7153449230515,269.9816587702819,-351.6690029245185,0.0013169837013184485,-0.004936098987570002,0.002453907826570894,172.66994495528166
1.5576477136615338e-05,-1.8626451492309573e-15,798.7496788837194,282.3934724434061,-352.77604765279295,0.001377529133870274,-0.005476120806240475,0.002623647304799501,168.43650087169848
1.6917112899496935e-05,-4.1909515857696534e-15,802.479842632009,295.2036389690124,-353.85719944565614,0.0014400177510683534,-0.006003511924710299,0.002793386783028108,165.12195666148065
1.8303284448744026e-05,-1.2107193470001222e-14,805.5206397440429,307.2670185982246,-354.98689238678486,0.0014988635053571934,-0.006554581652090177,0.0029631262612567154,161.8904120489722
1.9664855502118027e-05,1.3038516044616699e-14,808.3976809593803,319.7338463597554,-356.0903611993129,0.00155967729931588,-0.007092859121616052,0.0031328657394853222,159.31292956349938
2.0982299661236902e-05,-4.656612873077392e-15,811.4163119145371,332.9243551870703,-357.146790742565,0.0016240212448149773,-0.0076081906061292595,0.0033026052177139295,157.39958303117865
2.226978026062252e-05,3.958120942115784e-15,813.9299556744452,345.0160626639401,-358.17127913114143,0.0016907622750927346,-0.008107941039581174,0.0034723446959425363,155.92182119921247
2.3316960245504186e-05,3.958120942115784e-15,813.7481423403253,345.19229107678814,-358.9396070646566,0.0017767273545308087,-0.008482735153491034,0.0036420841741711435,156.19892712530506
2.432953552506731e-05,-1.164153218269348e-14,813.238140918168,345.3741946613084,-359.6710463823023,0.0018654608103943655,-0.00883953482063525,0.0038118236523997503,156.6747399872199
2.5320752864507676e-05,-3.026798367500305e-15,812.5472458018529,345.5596009480089,-360.37971813577707,0.0019559029014677436,-0.009185228358915633,0.0039815631306283576,157.24505317570356
2.628586946442908e-05,-5.1222741603851325e-15,811.849552020813,345.7492877559904,-361.0605665009246,0.0020484330517026384,-0.009517349512646156,0.004151302608856965,157.92905821413467
2.724448463530959e-05,-1.164153218269348e-15,810.8575762146373,345.9400407983346,-361.7344843427146,0.002141483316260805,-0.009846089923275415,0.004321042087085572,158.60245275057926
2.8162638782981215e-05,1.3271346688270568e-14,809.7107946257182,346.13742944848514,-362.3652707337639,0.0022377704626756812,-0.010153790601836053,0.004490781565314178,159.45883480307867
2.905835502490753e-05,-3.026798367500305e-15,808.5061589657217,346.33849791517787,-362.9721383172887,0.0023358526415501834,-0.010449823569409128,0.004660521043542786,160.38488894323146
2.9949816628248853e-05,5.82076609134674e-15,807.0429125838759,346.5402641425985,-363.57447045608194,0.0024342751915114847,-0.01074364412491801,0.004830260521771393,161.278467301715
3.081332261010174e-05,8.963979780673981e-15,805.6270122939984,346.74661509194334,-364.14700190236846,0.002534934191191861,-0.011022927757252901,0.005,162.26747317281573
