p,mx,my,emax,emin,esmax,esmin,ec,xn
0.0,0.0,0.0,-246.54832347140038,-246.54832347140038,-0.0012026747486409777,-0.0012026747486409777,0.0,0.0
1.4258804321289064e-09,-3.725290298461914e-15,0.0789010851565674,-246.5717079104873,-246.70032232546532,-0.001202788819075548,-0.0012034162064656847,-0.0012026747486409777,-843461.1497159884
6.873535526565975e-07,7.417838787660003e-15,35.02157821036544,-213.97442782216172,-275.9737182717868,-0.0010437776966934719,-0.0013462132598623749,-0.000988789412480944,-1438.545576231195
1.3472957541057544e-06,-7.465132512152195e-15,66.53256438088157,-180.95098601312097,-302.47706303345996,-0.0008826877366493707,-0.0014754978684559026,-0.0007749040763209103,-575.1551386987337
2.0073757497975286e-06,-3.841705620288848e-15,97.78024712889162,-147.92980402965912,-328.9950966613962,-0.0007216088001446788,-0.0016048541300555915,-0.0005610187401608765,-279.4786876435381
2.7559419347302686e-06,1.1088559404015541e-14,120.75025785013875,-116.35979554974918,-345.1994575806242,-0.0005676087587792644,-0.0017802232100605825,-0.0003471334040008429,-125.95817046298464
3.6171918413971274e-06,3.3760443329811096e-15,130.5192701944615,-86.63780010627877,-345.679085042003,-0.0004226234151525794,-0.0020141878253673155,-0.00013324806784080923,-36.837434585538226
5.044884873507571e-06,-7.086782716214656e-15,149.47281933497908,-66.20547192008311,-346.76254087510466,-0.00032295352156138106,-0.0025427028659047125,8.063726831922463e-05,15.983966005384724
7.6152640477241694e-06,-7.508788257837295e-15,174.73930065294323,-64.51319646442842,-349.0641001356915,-0.00031469851933867523,-0.0036654147003373095,0.0002945226044792583,38.67529774851034
1.0759033615887675e-05,-8.381903171539307e-15,192.12924302836603,-72.224523469503,-351.9768935562257,-0.000352314748631722,-0.005086289539622299,0.0005084079406392919,47.254052621281424
1.4434992738433587e-05,8.614733815193176e-15,204.9160524204756,-88.66375916644908,-355.4570010417316,-0.00043250614227536145,-0.00678390294718614,0.0007222932767993256,50.03766125051097
1.840757371140598e-05,8.26548784971237e-15,214.2399706137981,-109.96759321038941,-359.25330741979207,-0.0005364272839531192,-0.008635759716971749,0.0009361786129593592,50.85833840118049
2.2238008859815943e-05,-2.1420419216156006e-14,222.91894983488257,-128.94023573150585,-362.898086348869,-0.0006289767596658823,-0.010413700657984897,0.001150063949119393,51.716138633147025
2.593973684552635e-05,8.847564458847046e-15,231.37341443847356,-145.80208078434958,-366.4056634425083,-0.000711229662362681,-0.012124713874394276,0.001363949285279427,52.58146192468633
2.952174159138317e-05,-2.398155629634857e-14,239.2318068785401,-160.70046470359452,-369.78561556246353,-0.0007839047058711929,-0.013773471006079787,0.0015778346214394604,53.4465291133095
3.299072362356614e-05,1.862645149230957e-15,246.69595445760973,-173.74527611858835,-373.0450854696425,-0.0008475379322857969,-0.015363456326654899,0.0017917199575994943,54.30981078328399
3.637256450551147e-05,6.5192580223083495e-15,253.41792730173657,-185.3609726696849,-376.21166291066817,-0.0009041998666813899,-0.01690812824910644,0.0020056052937595277,55.140607241362424
3.963841429878609e-05,1.7695128917694093e-14,259.75667453442054,-195.0744153665817,-379.25459385117085,-0.0009515825139833254,-0.018392484805449204,0.0022194906299195616,55.99342630584323
4.280071369397619e-05,-6.984919309616088e-15,265.3814224380913,-203.0896315348924,-382.18714006731545,-0.0009906811294384996,-0.019822995154788022,0.0024333759660795954,56.85363060714735
4.580923040427109e-05,-6.5192580223083495e-15,270.3970892000093,-208.5828116709219,-384.9557539413617,-0.0010174771301020582,-0.021173538507981336,0.002647261302239629,57.78881851708226
4.872855757095148e-05,2.3283064365386965e-15,275.1872601951352,-212.61328329167335,-387.62929176191494,-0.0010371379672764556,-0.022477703298495105,0.0028611466383996627,58.71601338155095
5.158279760144467e-05,8.847564458847046e-15,279.6335474518638,-215.5763258789549,-390.2334466952926,-0.0010515918335558777,-0.023748022778191533,0.003075031974559696,59.61351686116331
5.438055229009249e-05,1.5133991837501525e-14,283.6729772725919,-217.61300885997204,-392.77738825426314,-0.0010615268724876686,-0.024988969880128366,0.0032889173107197305,60.47965995591651
5.7053639444929614e-05,-9.313225746154785e-16,287.35557424476735,-217.60514428649398,-395.18843422219146,-0.001061488508714605,-0.026165089864483636,0.003502802646879764,61.39490277847752
5.965674003865689e-05,6.752088665962219e-15,290.96352940065947,-216.4495001108146,-397.52487451597665,-0.0010558512200527542,-0.027304816837061787,0.0037166879830397973,62.30122498533151
6.224163269594724e-05,-4.889443516731262e-15,294.12197324291526,-214.99524577756947,-399.8419051495201,-0.0010487572964759488,-0.028435075682692733,0.003930573319199831,63.15022837528752
6.475323024056462e-05,-1.6065314412117004e-14,297.38954665026966,-212.33895159648736,-402.08080319295414,-0.0010357997638853044,-0.029527221069733732,0.0041444586553598655,64.0038904617236
6.724492294888675e-05,-8.847564458847046e-15,300.2407038436152,-209.3562181001635,-404.29848268089745,-0.0010212498443910416,-0.03060901594190121,0.004358343991519898,64.81298216123618
6.96633905957417e-05,-1.6298145055770873e-14,303.1589715846636,-205.17259359577778,-406.4381042533168,-0.001000841919979404,-0.03165273378210576,0.004572229327679932,65.63317243934748
7.218891684098591e-05,-1.4668330550193787e-14,306.2919251001383,-202.74473010497564,-408.69185029161906,-0.0009889986834389058,-0.03275212209347271,0.004786114663839967,66.29985423361563
7.475606292098575e-05,2.2118911147117616e-14,309.09807006301537,-200.99943190416639,-410.9899630737708,-0.0009804850336788606,-0.03387315271891259,0.004999999999999999,66.88420717507294
